  JET  ehtr   # 085445  62.4  62.4  seq: 0811      3  33  33
 2.400000215E+00 4.050000072E+00 2.960000000E+00 1.649999976E+00 1.250000596E-01
 2.929891253E+00 2.552126527E-01 1.176301932E+00 2.213958454E+00-2.990929937E+00
-1.946075250E+06 1.176301932E+00 0.000000000E+00 2.929891253E+00 0.000000000E+00
 2.552126527E-01 0.000000000E+00 2.213958454E+00 0.000000000E+00 0.000000000E+00
-9.092331505E+00-9.073145294E+00-9.054973412E+00-9.037792969E+00-9.021580124E+00
-9.006311035E+00-8.991961098E+00-8.978505325E+00-8.965918541E+00-8.954174614E+00
-8.943247604E+00-8.933111191E+00-8.923738098E+00-8.915101433E+00-8.907173729E+00
-8.899927139E+00-8.893333626E+00-8.887365341E+00-8.881993294E+00-8.877189445E+00
-8.872924614E+00-8.869170380E+00-8.865896606E+00-8.863075256E+00-8.860676193E+00
-8.858670425E+00-8.857028198E+00-8.855719948E+00-8.854716301E+00-8.853987694E+00
-8.853504181E+00-8.853235435E+00-8.853152657E+00
 2.958891055E+04 2.698484766E+04 2.453806094E+04 2.224365781E+04 2.009674531E+04
 1.809243164E+04 1.622582246E+04 1.449202617E+04 1.288615000E+04 1.140330078E+04
 1.003858613E+04 8.787112695E+03 7.643988770E+03 6.604321094E+03 5.663216797E+03
 4.815783301E+03 4.057127930E+03 3.382357959E+03 2.786580664E+03 2.264903223E+03
 1.812433008E+03 1.424277246E+03 1.095543213E+03 8.213382324E+02 5.967695312E+02
 4.169444336E+02 2.769701721E+02 1.719540497E+02 9.700332947E+01 4.722528610E+01
 1.772720032E+01 3.616346073E+00 0.000000000E+00
-5.523875123E+00-5.225232886E+00-4.934721040E+00-4.652339710E+00-4.378088708E+00
-4.111968159E+00-3.853977812E+00-3.604117981E+00-3.362388541E+00-3.128789554E+00
-2.903320894E+00-2.685982626E+00-2.476774747E+00-2.275697291E+00-2.082750193E+00
-1.897933549E+00-1.721247264E+00-1.552691370E+00-1.392265866E+00-1.239970737E+00
-1.095806014E+00-9.597716969E-01-8.318677392E-01-7.120942034E-01-6.004510580E-01
-4.969383032E-01-4.015559388E-01-3.143039649E-01-2.351823894E-01-1.641912043E-01
-1.013304078E-01-4.660000867E-02 0.000000000E+00
-8.278153594E+04-7.785590156E+04-7.308115000E+04-6.845728594E+04-6.398430469E+04
-5.966220937E+04-5.549099922E+04-5.147067188E+04-4.760122969E+04-4.388267266E+04
-4.031500000E+04-3.689821094E+04-3.363230703E+04-3.051728828E+04-2.755315352E+04
-2.473990391E+04-2.207753867E+04-1.956605781E+04-1.720546172E+04-1.499575059E+04
-1.293692363E+04-1.102898145E+04-9.271923633E+03-7.665750488E+03-6.210462012E+03
-4.906058301E+03-3.752539014E+03-2.749904395E+03-1.898154272E+03-1.197288818E+03
-6.473079224E+02-2.482116638E+02 0.000000000E+00
 2.359561634E+00 2.346701336E+00 2.333211040E+00 2.318823051E+00 2.303241873E+00
 2.286219835E+00 2.267517662E+00 2.246555996E+00 2.221603251E+00 2.188219023E+00
 2.138925076E+00 2.104664469E+00 2.096057844E+00 2.114443541E+00 2.138030338E+00
 2.142960739E+00 2.174152327E+00 2.232463694E+00 2.319871998E+00 2.399388075E+00
 2.468678570E+00 2.533347464E+00 2.594553041E+00 2.652066278E+00 2.705733109E+00
 2.756243753E+00 2.804840755E+00 2.852684927E+00 2.900563812E+00 2.948907900E+00
 2.997906637E+00 3.047617149E+00 3.098037815E+00 2.381958532E+00 2.365483570E+00
 2.348066807E+00 2.329580307E+00 2.309843016E+00 2.288750601E+00 2.266662884E+00
 2.245729637E+00 2.224877071E+00 2.201651049E+00 2.177943230E+00 2.160223150E+00
 2.154271984E+00 2.160617352E+00 2.174955416E+00 2.195816803E+00 2.228618956E+00
 2.276151419E+00 2.335694981E+00 2.400438404E+00 2.466717196E+00 2.533656931E+00
 2.599524403E+00 2.659236431E+00 2.709316301E+00 2.753111553E+00 2.795238829E+00
 2.838181162E+00 2.882894468E+00 2.929596233E+00 2.978228855E+00 3.028659010E+00
 3.080754089E+00 2.404786682E+00 2.384736919E+00 2.363791847E+00 2.341776848E+00
 2.318329906E+00 2.292889500E+00 2.267741394E+00 2.249386930E+00 2.234991789E+00
 2.219843531E+00 2.206348133E+00 2.197079992E+00 2.194200563E+00 2.198839808E+00
 2.211308813E+00 2.231990671E+00 2.261645460E+00 2.300663042E+00 2.348477983E+00
 2.403996277E+00 2.466687536E+00 2.537505102E+00 2.620149708E+00 2.691836548E+00
 2.730093956E+00 2.755022764E+00 2.784399414E+00 2.820588398E+00 2.861968040E+00
 2.907403564E+00 2.956156540E+00 3.007743883E+00 3.061848736E+00 2.427391958E+00
 2.403900099E+00 2.379871941E+00 2.355219316E+00 2.329752493E+00 2.303021097E+00
 2.278873110E+00 2.260402107E+00 2.245816040E+00 2.232260656E+00 2.221198225E+00
 2.213984299E+00 2.211837101E+00 2.215711880E+00 2.226294327E+00 2.244095755E+00
 2.269495916E+00 2.302697229E+00 2.343727875E+00 2.392641020E+00 2.449947882E+00
 2.517346907E+00 2.599297571E+00 2.672720766E+00 2.716620874E+00 2.732730532E+00
 2.756578636E+00 2.791052961E+00 2.832346058E+00 2.878632116E+00 2.928914785E+00
 2.982603312E+00 3.039336205E+00 2.448380947E+00 2.421611929E+00 2.394768238E+00
 2.367958260E+00 2.341433096E+00 2.315747356E+00 2.291831255E+00 2.270501423E+00
 2.252003527E+00 2.236402035E+00 2.224092007E+00 2.215745163E+00 2.212120008E+00
 2.213936138E+00 2.221772575E+00 2.236078072E+00 2.257152939E+00 2.285159016E+00
 2.320134878E+00 2.362026024E+00 2.410685587E+00 2.465635586E+00 2.524702740E+00
 2.580824852E+00 2.627615643E+00 2.666262197E+00 2.704227638E+00 2.745835114E+00
 2.791682100E+00 2.841525602E+00 2.895023394E+00 2.951889324E+00 3.011921215E+00
 2.466265726E+00 2.436267376E+00 2.406479740E+00 2.377074194E+00 2.348329735E+00
 2.320645332E+00 2.294507933E+00 2.270411396E+00 2.248800373E+00 2.230104446E+00
 2.214808369E+00 2.203476620E+00 2.196771240E+00 2.195310211E+00 2.199610806E+00
 2.210050821E+00 2.226832390E+00 2.250035810E+00 2.279577494E+00 2.315162277E+00
 2.356212854E+00 2.401695681E+00 2.449945307E+00 2.498874998E+00 2.546946573E+00
 2.594103575E+00 2.641551638E+00 2.690675402E+00 2.742352104E+00 2.796969080E+00
 2.854641390E+00 2.915372086E+00 2.979138899E+00 2.479959011E+00 2.446684074E+00
 2.413668108E+00 2.381083488E+00 2.349175024E+00 2.318258190E+00 2.288708687E+00
 2.260945082E+00 2.235418701E+00 2.212615204E+00 2.193074656E+00 2.177479792E+00
 2.166504431E+00 2.160773325E+00 2.160816908E+00 2.167030096E+00 2.179638386E+00
 2.198674440E+00 2.223946428E+00 2.255069256E+00 2.291501856E+00 2.332456017E+00
 2.376988173E+00 2.424144697E+00 2.473208666E+00 2.523883057E+00 2.576270151E+00
 2.630678988E+00 2.687427330E+00 2.746744156E+00 2.808764410E+00 2.873561764E+00
 2.941187096E+00 2.488942909E+00 2.452303600E+00 2.415779066E+00 2.379530954E+00
 2.343775368E+00 2.308785486E+00 2.274891043E+00 2.242477322E+00 2.211984158E+00
 2.183926678E+00 2.159033918E+00 2.138067245E+00 2.121785784E+00 2.110902786E+00
 2.106038857E+00 2.107675552E+00 2.116115522E+00 2.131452656E+00 2.153554916E+00
 2.182066822E+00 2.216423798E+00 2.255884838E+00 2.299797821E+00 2.347479677E+00
 2.398368359E+00 2.452064705E+00 2.508343935E+00 2.567117071E+00 2.628372097E+00
 2.692127657E+00 2.758408880E+00 2.827243423E+00 2.898668194E+00 2.493201113E+00
 2.453093338E+00 2.412810278E+00 2.372494364E+00 2.332333136E+00 2.292564535E+00
 2.253482771E+00 2.215444374E+00 2.178879023E+00 2.144516850E+00 2.113185978E+00
 2.085771894E+00 2.063176775E+00 2.046268892E+00 2.035827875E+00 2.032489109E+00
 2.036693573E+00 2.048649597E+00 2.068311405E+00 2.095380497E+00 2.129330444E+00
 2.169457626E+00 2.214956045E+00 2.264967632E+00 2.318927622E+00 2.376323080E+00
 2.436762953E+00 2.499962378E+00 2.565724421E+00 2.633917904E+00 2.704460621E+00
 2.777308702E+00 2.852451754E+00 2.493096066E+00 2.449420309E+00 2.405166388E+00
 2.360445118E+00 2.315403271E+00 2.270232916E+00 2.225180101E+00 2.180558825E+00
 2.136991453E+00 2.095315266E+00 2.056491280E+00 2.021571970E+00 1.991654658E+00
 1.967823410E+00 1.951081657E+00 1.942281556E+00 1.942058229E+00 1.950776219E+00
 1.968496537E+00 1.994970393E+00 2.029661655E+00 2.071797085E+00 2.120441484E+00
 2.174581623E+00 2.233221102E+00 2.295541716E+00 2.361027431E+00 2.429273176E+00
 2.499968576E+00 2.572886801E+00 2.647869301E+00 2.724813366E+00 2.803662443E+00
 2.489265013E+00 2.441956854E+00 2.393581772E+00 2.344201231E+00 2.293903017E+00
 2.242810678E+00 2.191092348E+00 2.139157295E+00 2.087768364E+00 2.037874365E+00
 1.990593743E+00 1.947181535E+00 1.908977652E+00 1.877337623E+00 1.853549433E+00
 1.838742375E+00 1.833798981E+00 1.839279461E+00 1.855370641E+00 1.881867123E+00
 1.918189692E+00 1.963439083E+00 2.016479397E+00 2.076041079E+00 2.140833569E+00
 2.209648180E+00 2.281426620E+00 2.355662394E+00 2.431982183E+00 2.510110950E+00
 2.589854240E+00 2.671080446E+00 2.753707552E+00 2.482540274E+00 2.431609154E+00
 2.379063082E+00 2.324894953E+00 2.269112349E+00 2.211747551E+00 2.152893686E+00
 2.093148756E+00 2.033344126E+00 1.974548364E+00 1.918055320E+00 1.865350509E+00
 1.818054914E+00 1.777843213E+00 1.746341515E+00 1.725011373E+00 1.715032935E+00
 1.717201042E+00 1.731849408E+00 1.758815908E+00 1.797454977E+00 1.846697760E+00
 1.905152297E+00 1.971229482E+00 2.043279839E+00 2.119725513E+00 2.199174023E+00
 2.280506563E+00 2.363251019E+00 2.447150278E+00 2.532026100E+00 2.617760944E+00
 2.704280806E+00 2.473882437E+00 2.419453096E+00 2.362831068E+00 2.303922796E+00
 2.242629576E+00 2.178850889E+00 2.112791014E+00 2.045080948E+00 1.976623821E+00
 1.908611679E+00 1.842521214E+00 1.780084157E+00 1.723226404E+00 1.673974371E+00
 1.634331751E+00 1.606135035E+00 1.590902972E+00 1.589698195E+00 1.603022242E+00
 1.630759859E+00 1.672185254E+00 1.726030445E+00 1.790606880E+00 1.863961697E+00
 1.944048333E+00 2.028890133E+00 2.116721869E+00 2.206102133E+00 2.295983267E+00
 2.386123228E+00 2.476423359E+00 2.566830492E+00 2.657320499E+00 2.464312506E+00
 2.406662464E+00 2.346252489E+00 2.282893038E+00 2.216371298E+00 2.146457577E+00
 2.073486328E+00 1.998094845E+00 1.921241403E+00 1.844229817E+00 1.768712330E+00
 1.696663928E+00 1.630317974E+00 1.572061348E+00 1.524289870E+00 1.489233708E+00
 1.468770695E+00 1.464250422E+00 1.476355791E+00 1.505024648E+00 1.549444246E+00
 1.608133221E+00 1.679087806E+00 1.759972239E+00 1.848326302E+00 1.941764450E+00
 2.038144875E+00 2.135696507E+00 2.233103752E+00 2.329677248E+00 2.425460100E+00
 2.520517635E+00 2.614917469E+00 2.454835367E+00 2.394417572E+00 2.330725193E+00
 2.263467264E+00 2.192301846E+00 2.117010117E+00 2.037926626E+00 1.955695748E+00
 1.871321630E+00 1.786203623E+00 1.702149487E+00 1.621354032E+00 1.546334028E+00
 1.479813313E+00 1.424558353E+00 1.383175755E+00 1.357889271E+00 1.350327802E+00
 1.361355281E+00 1.390974092E+00 1.438278961E+00 1.501580644E+00 1.578572297E+00
 1.666552281E+00 1.762668586E+00 1.864152241E+00 1.968513727E+00 2.073689032E+00
 2.178130102E+00 2.280849028E+00 2.381781769E+00 2.481158257E+00 2.579170847E+00
 2.446354818E+00 2.383808231E+00 2.317576694E+00 2.247280693E+00 2.172466087E+00
 2.092954159E+00 2.009055042E+00 1.921412182E+00 1.831060171E+00 1.739470482E+00
 1.648572254E+00 1.560736084E+00 1.478708506E+00 1.405489564E+00 1.344153047E+00
 1.297618771E+00 1.268399668E+00 1.258355808E+00 1.268491983E+00 1.298965549E+00
 1.348697424E+00 1.415838575E+00 1.497834611E+00 1.591681194E+00 1.694201827E+00
 1.802311707E+00 1.913237786E+00 2.024679184E+00 2.134903622E+00 2.242787409E+00
 2.348011494E+00 2.450974274E+00 2.551995993E+00 2.439583778E+00 2.375713539E+00
 2.307897186E+00 2.235692072E+00 2.158565235E+00 2.076376581E+00 1.989416337E+00
 1.898323345E+00 1.804149127E+00 1.708409142E+00 1.613109326E+00 1.520733070E+00
 1.434176207E+00 1.356620097E+00 1.291341615E+00 1.241470051E+00 1.209714603E+00
 1.198098183E+00 1.207739091E+00 1.238720298E+00 1.290027261E+00 1.359689736E+00
 1.444982982E+00 1.542699456E+00 1.649447417E+00 1.761934257E+00 1.877202249E+00
 1.992798829E+00 2.106878185E+00 2.218242645E+00 2.326372147E+00 2.431785965E+00
 2.534901905E+00 2.434964657E+00 2.370697069E+00 2.302402258E+00 2.229609013E+00
 2.151749277E+00 2.068710375E+00 1.980774355E+00 1.888577819E+00 1.793177056E+00
 1.696101427E+00 1.599381661E+00 1.505538154E+00 1.417515850E+00 1.338555980E+00
 1.272002459E+00 1.221053815E+00 1.188483524E+00 1.176365876E+00 1.185848904E+00
 1.217014575E+00 1.268851686E+00 1.339362264E+00 1.425771475E+00 1.524808025E+00
 1.633010697E+00 1.747018838E+00 1.863813972E+00 1.980893612E+00 2.096374702E+00
 2.209034634E+00 2.318304873E+00 2.424731588E+00 2.528784370E+00 2.432613564E+00
 2.368935919E+00 2.301341820E+00 2.229368734E+00 2.152462101E+00 2.070519590E+00
 1.983829784E+00 1.893030024E+00 1.799169683E+00 1.703760839E+00 1.608804059E+00
 1.516775870E+00 1.430562544E+00 1.353334117E+00 1.288354635E+00 1.238740134E+00
 1.207187319E+00 1.195708013E+00 1.205410504E+00 1.236366272E+00 1.287588835E+00
 1.357133317E+00 1.442298388E+00 1.539897776E+00 1.646558022E+00 1.759001374E+00
 1.874281645E+00 1.989955616E+00 2.104186058E+00 2.215785551E+00 2.324233913E+00
 2.430082130E+00 2.533784246E+00 2.432300425E+00 2.370195103E+00 2.304466391E+00
 2.234694529E+00 2.160382175E+00 2.081419420E+00 1.998112464E+00 1.911100388E+00
 1.821412444E+00 1.730511880E+00 1.640316105E+00 1.553180194E+00 1.471831346E+00
 1.399247146E+00 1.338477039E+00 1.292417479E+00 1.263562107E+00 1.253759694E+00
 1.264016175E+00 1.294376469E+00 1.343908334E+00 1.410794497E+00 1.492518425E+00
 1.586113262E+00 1.688436317E+00 1.796430683E+00 1.907345152E+00 2.018895769E+00
 2.129365730E+00 2.237649107E+00 2.343430376E+00 2.447167206E+00 2.549249697E+00
 2.433467293E+00 2.373854017E+00 2.311063147E+00 2.244742107E+00 2.174482965E+00
 2.100153112E+00 2.022081041E+00 1.940903425E+00 1.857613230E+00 1.773594666E+00
 1.690635228E+00 1.610903931E+00 1.536887336E+00 1.471275496E+00 1.416800761E+00
 1.376037478E+00 1.351184011E+00 1.343853688E+00 1.354906297E+00 1.384350204E+00
 1.431331706E+00 1.494218302E+00 1.570761585E+00 1.658315229E+00 1.754075384E+00
 1.855312061E+00 1.959565544E+00 2.064793777E+00 2.169467497E+00 2.272614908E+00
 2.374185038E+00 2.474491262E+00 2.573822832E+00 2.435286379E+00 2.378982258E+00
 2.320052719E+00 2.258225203E+00 2.193198872E+00 2.124809027E+00 2.053402662E+00
 1.979603839E+00 1.904351401E+00 1.828923702E+00 1.754941678E+00 1.684343028E+00
 1.619319534E+00 1.562214661E+00 1.515382814E+00 1.481019211E+00 1.460977960E+00
 1.456600642E+00 1.468581176E+00 1.496889043E+00 1.540765738E+00 1.598796821E+00
 1.669049358E+00 1.749254680E+00 1.837010813E+00 1.929977989E+00 2.026048183E+00
 2.123476362E+00 2.220967817E+00 2.317791939E+00 2.414070511E+00 2.509958220E+00
 2.605632544E+00 2.436752415E+00 2.384455347E+00 2.330134201E+00 2.273596668E+00
 2.214651680E+00 2.153117323E+00 2.089333248E+00 2.023896456E+00 1.957674956E+00
 1.891821289E+00 1.827767229E+00 1.767194796E+00 1.711977363E+00 1.664090133E+00
 1.625491667E+00 1.597985172E+00 1.583073044E+00 1.581823087E+00 1.594765091E+00
 1.621835113E+00 1.662377524E+00 1.715205622E+00 1.778714204E+00 1.851027369E+00
 1.930162144E+00 2.014189100E+00 2.101373863E+00 2.190288448E+00 2.279897308E+00
 2.369921637E+00 2.460339975E+00 2.551189756E+00 2.642556810E+00 2.436804819E+00
 2.389100885E+00 2.339959717E+00 2.289255381E+00 2.236883307E+00 2.182766056E+00
 2.127111578E+00 2.070488691E+00 2.013686848E+00 1.957723165E+00 1.903832817E+00
 1.853438830E+00 1.808099389E+00 1.769431949E+00 1.739016461E+00 1.718286586E+00
 1.708417940E+00 1.710227585E+00 1.724099278E+00 1.749945331E+00 1.787212873E+00
 1.834934354E+00 1.891816831E+00 1.956358266E+00 2.026976776E+00 2.102138233E+00
 2.180470467E+00 2.260863829E+00 2.342772532E+00 2.425979376E+00 2.510358477E+00
 2.595859480E+00 2.682497931E+00 2.434471941E+00 2.391861010E+00 2.348329306E+00
 2.303807163E+00 2.258266401E+00 2.211729860E+00 2.164298868E+00 2.116487789E+00
 2.068996859E+00 2.022705030E+00 1.978656030E+00 1.938027978E+00 1.902087569E+00
 1.872127438E+00 1.849390101E+00 1.834984922E+00 1.829804754E+00 1.834454274E+00
 1.849197507E+00 1.873934293E+00 1.908208919E+00 1.951251960E+00 2.002050161E+00
 2.059436274E+00 2.122187996E+00 2.189125013E+00 2.259213161E+00 2.331848717E+00
 2.406665039E+00 2.483393335E+00 2.561851740E+00 2.641936255E+00 2.723613358E+00
 2.429026937E+00 2.391938210E+00 2.354319859E+00 2.316149282E+00 2.277458429E+00
 2.238338375E+00 2.198945904E+00 2.159619522E+00 2.120976019E+00 2.083767080E+00
 2.048862267E+00 2.017221737E+00 1.989857769E+00 1.967784667E+00 1.951960635E+00
 1.943225837E+00 1.942243099E+00 1.949447513E+00 1.965012097E+00 1.988834667E+00
 2.020547819E+00 2.059553719E+00 2.105077934E+00 2.156237555E+00 2.212128162E+00
 2.271862125E+00 2.334940863E+00 2.400920916E+00 2.469443464E+00 2.540230036E+00
 2.613076258E+00 2.687848091E+00 2.764478588E+00 2.420151281E+00 2.388936186E+00
 2.357416582E+00 2.325618744E+00 2.293629599E+00 2.261597061E+00 2.229734945E+00
 2.198330259E+00 2.167839766E+00 2.138900709E+00 2.112232733E+00 2.088611650E+00
 2.068837929E+00 2.053698635E+00 2.043923569E+00 2.040140581E+00 2.042833567E+00
 2.052309847E+00 2.068678331E+00 2.091843605E+00 2.121515179E+00 2.157235050E+00
 2.198432779E+00 2.244441271E+00 2.294722891E+00 2.348802328E+00 2.406246519E+00
 2.466673613E+00 2.529757595E+00 2.595229864E+00 2.662880898E+00 2.732559729E+00
 2.804174423E+00 2.408075666E+00 2.382960224E+00 2.357579947E+00 2.332023096E+00
 2.306434155E+00 2.281011820E+00 2.256009722E+00 2.231740236E+00 2.208580303E+00
 2.186989689E+00 2.167569971E+00 2.150942612E+00 2.137740517E+00 2.128573799E+00
 2.123996830E+00 2.124476767E+00 2.130364609E+00 2.141873932E+00 2.159072733E+00
 2.181884718E+00 2.210085964E+00 2.243308067E+00 2.281240749E+00 2.323515654E+00
 2.369744968E+00 2.419547749E+00 2.472564316E+00 2.528462839E+00 2.586946678E+00
 2.647760296E+00 2.710692549E+00 2.775579500E+00 2.842306328E+00 2.393651009E+00
 2.374649858E+00 2.355249596E+00 2.335621595E+00 2.315979958E+00 2.296575737E+00
 2.277694941E+00 2.259659863E+00 2.242833233E+00 2.227621126E+00 2.214469242E+00
 2.203834486E+00 2.196232080E+00 2.192142344E+00 2.191991186E+00 2.196129560E+00
 2.204813337E+00 2.218184137E+00 2.236280489E+00 2.259090614E+00 2.286499310E+00
 2.318310404E+00 2.354282236E+00 2.394135094E+00 2.437566376E+00 2.484263515E+00
 2.533916187E+00 2.586225748E+00 2.640914011E+00 2.697730732E+00 2.756458664E+00
 2.816918707E+00 2.878972816E+00 2.378314161E+00 2.365123081E+00 2.351262379E+00
 2.337021923E+00 2.322706032E+00 2.308623505E+00 2.295087576E+00 2.282421398E+00
 2.270963764E+00 2.261072874E+00 2.253125381E+00 2.247507668E+00 2.244608927E+00
 2.244798422E+00 2.248406839E+00 2.255709791E+00 2.266916275E+00 2.282160378E+00
 2.301502848E+00 2.324936056E+00 2.352383852E+00 2.383708525E+00 2.418722773E+00
 2.457199240E+00 2.498880100E+00 2.543488026E+00 2.590735817E+00 2.640336275E+00
 2.692011833E+00 2.745503044E+00 2.800576782E+00 2.857032394E+00 2.914706516E+00
 2.363990259E+00 2.355826712E+00 2.346665621E+00 2.336979008E+00 2.327182436E+00
 2.317634487E+00 2.308654737E+00 2.300545740E+00 2.293611240E+00 2.288166428E+00
 2.284539032E+00 2.283062840E+00 2.284066820E+00 2.287860346E+00 2.294719362E+00
 2.304874706E+00 2.318503237E+00 2.335722971E+00 2.356591654E+00 2.381107569E+00
 2.409210920E+00 2.440788269E+00 2.475676823E+00 2.513671112E+00 2.554529428E+00
 2.597981453E+00 2.643736601E+00 2.691493654E+00 2.740951729E+00 2.791821766E+00
 2.843837881E+00 2.896767282E+00 2.950418186E+00 2.352946711E+00 2.348217154E+00
 2.342345572E+00 2.336049175E+00 2.329824924E+00 2.324009991E+00 2.318853617E+00
 2.314579439E+00 2.311425877E+00 2.309663486E+00 2.309591436E+00 2.311523199E+00
 2.315767288E+00 2.322609997E+00 2.332301712E+00 2.345047522E+00 2.361002541E+00
 2.380268764E+00 2.402894735E+00 2.428875875E+00 2.458155823E+00 2.490627337E+00
 2.526134253E+00 2.564473343E+00 2.605397224E+00 2.648618603E+00 2.693816376E+00
 2.740645504E+00 2.788749695E+00 2.837778378E+00 2.887405300E+00 2.937346268E+00
 2.987373447E+00 2.347114515E+00 2.342892170E+00 2.338253307E+00 2.334020472E+00
 2.330542707E+00 2.327896261E+00 2.326065922E+00 2.325077486E+00 2.325063610E+00
 2.326268578E+00 2.329013443E+00 2.333647966E+00 2.340509319E+00 2.349895287E+00
 2.362050915E+00 2.377165699E+00 2.395374489E+00 2.416760302E+00 2.441357517E+00
 2.469153595E+00 2.500088739E+00 2.534055996E+00 2.570898008E+00 2.610405397E+00
 2.652312565E+00 2.696297359E+00 2.741981459E+00 2.788938427E+00 2.836709309E+00
 2.884828615E+00 2.932857895E+00 2.980422258E+00 3.027240849E+00
 9.858549833E-01 1.010301924E+00 1.040366220E+00 1.072373533E+00 1.106554174E+00
 1.143090415E+00 1.181920719E+00 1.223290491E+00 1.267425418E+00 1.314594698E+00
 1.365069199E+00 1.419157839E+00 1.477255273E+00 1.539872885E+00 1.607460093E+00
 1.680517340E+00 1.759778070E+00 1.846144915E+00 1.940444279E+00 2.043750477E+00
 2.157509136E+00 2.283461905E+00 2.423544264E+00 2.580362701E+00 2.757429457E+00
 2.959188652E+00 3.191666460E+00 3.463828754E+00 3.789078379E+00 4.189963055E+00
 4.711134624E+00 5.473316765E+00 1.044672508E+01
  104  251
 2.549594641E+00-1.454717207E+00 2.608901882E+00-1.406630206E+00 2.669356251E+00
-1.359990835E+00 2.730563164E+00-1.314342570E+00 2.792266130E+00-1.269366717E+00
 2.854297304E+00-1.224844289E+00 2.916469622E+00-1.180518937E+00 2.978644753E+00
-1.136197662E+00 3.040642643E+00-1.091629004E+00 3.102172089E+00-1.046416545E+00
 3.162955999E+00-1.000207448E+00 3.222659254E+00-9.526122570E-01 3.280835676E+00
-9.031643152E-01 3.337203598E+00-8.516654968E-01 3.391385746E+00-7.978737950E-01
 3.443099451E+00-7.417053580E-01 3.492143965E+00-6.831927538E-01 3.538328695E+00
-6.223973989E-01 3.581540775E+00-5.594550252E-01 3.621619701E+00-4.944725573E-01
 3.658469391E+00-4.276063025E-01 3.691978788E+00-3.590049744E-01 3.722060013E+00
-2.888331831E-01 3.748574305E+00-2.172374547E-01 3.771446466E+00-1.443965673E-01
 3.790563107E+00-7.048145831E-02 3.805829811E+00 4.323582537E-03 3.817181730E+00
 7.982194871E-02 3.824601173E+00 1.558075964E-01 3.828075981E+00 2.320755929E-01
 3.827603006E+00 3.084212542E-01 3.823228407E+00 3.846431971E-01 3.815004349E+00
 4.605465233E-01 3.802989244E+00 5.359427810E-01 3.787232399E+00 6.106468678E-01
 3.767798662E+00 6.844799757E-01 3.744777822E+00 7.572746873E-01 3.718250132E+00
 8.288658619E-01 3.688226366E+00 8.990624905E-01 3.654771662E+00 9.676902533E-01
 3.617914724E+00 1.034552217E+00 3.577714014E+00 1.099458432E+00 3.534221220E+00
 1.162206268E+00 3.487524509E+00 1.222607160E+00 3.437709999E+00 1.280464053E+00
 3.384934759E+00 1.335632968E+00 3.329257250E+00 1.387871218E+00 3.270866394E+00
 1.437057996E+00 3.209875774E+00 1.482980227E+00 3.146416903E+00 1.525426507E+00
 3.080674887E+00 1.564241076E+00 3.012718344E+00 1.599029517E+00 2.942661524E+00
 1.629362988E+00 2.870675564E+00 1.654773903E+00 2.796949625E+00 1.674558902E+00
 2.721770525E+00 1.687751269E+00 2.645647812E+00 1.693217516E+00 2.569419813E+00
 1.689740062E+00 2.494330311E+00 1.676225924E+00 2.421972704E+00 1.652053571E+00
 2.353988218E+00 1.617440271E+00 2.291749477E+00 1.573313022E+00 2.235980701E+00
 1.521228290E+00 2.186654663E+00 1.462989450E+00 2.143353558E+00 1.400129437E+00
 2.105371189E+00 1.333910894E+00 2.071983242E+00 1.265255237E+00 2.042536306E+00
 1.194815516E+00 2.016474056E+00 1.123051906E+00 1.993343663E+00 1.050289106E+00
 1.972893262E+00 9.767272949E-01 1.954897189E+00 9.025261998E-01 1.939163208E+00
 8.278123021E-01 1.925618362E+00 7.526706338E-01 1.914244604E+00 6.771697402E-01
 1.905024624E+00 6.013756514E-01 1.897955012E+00 5.253508329E-01 1.893047690E+00
 4.491558969E-01 1.890313339E+00 3.728521109E-01 1.889774227E+00 2.965012670E-01
 1.891441584E+00 2.201667964E-01 1.895329690E+00 1.439131707E-01 1.901447630E+00
 6.780603528E-02 1.909792662E+00-8.089196868E-03 1.920363355E+00-8.370656818E-02
 1.933141875E+00-1.589823157E-01 1.948094988E+00-2.338565469E-01 1.965161014E+00
-3.082777083E-01 1.984330440E+00-3.821849465E-01 2.005604076E+00-4.555142462E-01
 2.028909159E+00-5.282236576E-01 2.054178429E+00-6.002739191E-01 2.081425858E+00
-6.715996027E-01 2.110612297E+00-7.421541214E-01 2.141690159E+00-8.118961811E-01
 2.174642992E+00-8.807722092E-01 2.209391832E+00-9.487598896E-01 2.245946550E+00
-1.015793848E+00 2.284229565E+00-1.081856179E+00 2.324241304E+00-1.146885943E+00
 2.365932369E+00-1.210852003E+00 2.409380484E+00-1.273637557E+00 2.454615688E+00
-1.335147667E+00 2.501560879E+00-1.395363975E+00
 3.283200000E+00-1.124400000E+00 3.311900000E+00-1.083200000E+00 3.328400000E+00
-1.063100000E+00 3.352400000E+00-1.038700000E+00 3.373200000E+00-1.017200000E+00
 3.423300000E+00-9.599200000E-01 3.447300000E+00-9.322900000E-01 3.494300000E+00
-8.718600000E-01 3.516800000E+00-8.428400000E-01 3.559100000E+00-7.815500000E-01
 3.580500000E+00-7.501500000E-01 3.619300000E+00-6.867900000E-01 3.639000000E+00
-6.539000000E-01 3.673600000E+00-5.876900000E-01 3.688000000E+00-5.608800000E-01
 3.722300000E+00-4.849600000E-01 3.735000000E+00-4.576000000E-01 3.768200000E+00
-3.713700000E-01 3.775800000E+00-3.523900000E-01 3.802600000E+00-2.692000000E-01
 3.810800000E+00-2.445800000E-01 3.833300000E+00-1.579700000E-01 3.839600000E+00
-1.348100000E-01 3.856500000E+00-5.075000000E-02 3.862100000E+00-2.427000000E-02
 3.875200000E+00 6.852000000E-02 3.878400000E+00 8.885000000E-02 3.885700000E+00
 1.762500000E-01 3.887900000E+00 1.963000000E-01 3.890500000E+00 2.904500000E-01
 3.891400000E+00 3.133900000E-01 3.888600000E+00 4.075600000E-01 3.888400000E+00
 4.267400000E-01 3.880300000E+00 5.199300000E-01 3.878900000E+00 5.395800000E-01
 3.865600000E+00 6.322800000E-01 3.863500000E+00 6.497100000E-01 3.844500000E+00
 7.434700000E-01 3.840900000E+00 7.627300000E-01 3.817100000E+00 8.532500000E-01
 3.813000000E+00 8.705300000E-01 3.783700000E+00 9.612500000E-01 3.779000000E+00
 9.769900000E-01 3.744100000E+00 1.067200000E+00 3.738200000E+00 1.083400000E+00
 3.698700000E+00 1.170500000E+00 3.691800000E+00 1.186600000E+00 3.674900000E+00
 1.218800000E+00 3.667400000E+00 1.236400000E+00 3.637300000E+00 1.333900000E+00
 3.642100000E+00 1.407700000E+00 3.621400000E+00 1.426600000E+00 3.620800000E+00
 1.427100000E+00 3.594100000E+00 1.451400000E+00 3.593500000E+00 1.451900000E+00
 3.566800000E+00 1.476200000E+00 3.566200000E+00 1.476700000E+00 3.539500000E+00
 1.501000000E+00 3.538900000E+00 1.501600000E+00 3.512200000E+00 1.525800000E+00
 3.511600000E+00 1.526400000E+00 3.484900000E+00 1.550700000E+00 3.484400000E+00
 1.551200000E+00 3.457700000E+00 1.575500000E+00 3.457100000E+00 1.576000000E+00
 3.430400000E+00 1.600300000E+00 3.429800000E+00 1.600800000E+00 3.403100000E+00
 1.625100000E+00 3.402500000E+00 1.625700000E+00 3.381800000E+00 1.644500000E+00
 3.331500000E+00 1.704100000E+00 3.281800000E+00 1.738700000E+00 3.186300000E+00
 1.817500000E+00 3.136600000E+00 1.852100000E+00 3.001000000E+00 1.883400000E+00
 2.868900000E+00 1.939600000E+00 2.852500000E+00 1.945300000E+00 2.775600000E+00
 1.968000000E+00 2.757600000E+00 1.972000000E+00 2.679000000E+00 1.982900000E+00
 2.658900000E+00 1.984000000E+00 2.577900000E+00 1.982900000E+00 2.560600000E+00
 1.981100000E+00 2.480100000E+00 1.967700000E+00 2.466000000E+00 1.964200000E+00
 2.388400000E+00 1.938900000E+00 2.374200000E+00 1.933100000E+00 2.298000000E+00
 1.894700000E+00 2.287500000E+00 1.888400000E+00 2.195400000E+00 1.822800000E+00
 2.182400000E+00 1.823700000E+00 2.165700000E+00 1.790800000E+00 2.165300000E+00
 1.790100000E+00 2.149000000E+00 1.757900000E+00 2.148600000E+00 1.757200000E+00
 2.132300000E+00 1.725100000E+00 2.131900000E+00 1.724300000E+00 2.115600000E+00
 1.692200000E+00 2.115200000E+00 1.691500000E+00 2.098900000E+00 1.659300000E+00
 2.098500000E+00 1.658600000E+00 2.082200000E+00 1.626400000E+00 2.081800000E+00
 1.625700000E+00 2.068200000E+00 1.598800000E+00 2.067600000E+00 1.598200000E+00
 2.054700000E+00 1.564500000E+00 2.054400000E+00 1.563700000E+00 2.041500000E+00
 1.530000000E+00 2.041200000E+00 1.529300000E+00 2.028300000E+00 1.495600000E+00
 2.028000000E+00 1.494900000E+00 2.015100000E+00 1.461200000E+00 2.014800000E+00
 1.460400000E+00 2.001900000E+00 1.426700000E+00 2.001600000E+00 1.426000000E+00
 1.988800000E+00 1.392300000E+00 1.988500000E+00 1.391500000E+00 1.975600000E+00
 1.357800000E+00 1.975300000E+00 1.357100000E+00 1.961300000E+00 1.320600000E+00
 1.929900000E+00 1.273000000E+00 1.927000000E+00 1.261000000E+00 1.922600000E+00
 1.254000000E+00 1.942500000E+00 1.234600000E+00 1.927300000E+00 1.158300000E+00
 1.925000000E+00 1.138000000E+00 1.912400000E+00 1.060700000E+00 1.909700000E+00
 1.040000000E+00 1.898400000E+00 9.620700000E-01 1.895700000E+00 9.400900000E-01
 1.885800000E+00 8.623800000E-01 1.883000000E+00 8.406700000E-01 1.873100000E+00
 7.629600000E-01 1.870400000E+00 7.416800000E-01 1.860500000E+00 6.640800000E-01
 1.858400000E+00 6.428700000E-01 1.849900000E+00 5.654900000E-01 1.848200000E+00
 5.452300000E-01 1.841800000E+00 4.671000000E-01 1.841000000E+00 4.461600000E-01
 1.837200000E+00 3.683300000E-01 1.837000000E+00 3.473700000E-01 1.835900000E+00
 2.700200000E-01 1.836400000E+00 2.485000000E-01 1.837900000E+00 1.709900000E-01
 1.839100000E+00 1.496700000E-01 1.843100000E+00 7.136000000E-02 1.845000000E+00
 5.067000000E-02 1.851700000E+00-2.749000000E-02 1.854200000E+00-4.782000000E-02
 1.863400000E+00-1.248400000E-01 1.866600000E+00-1.455400000E-01 1.878500000E+00
-2.231300000E-01 1.882300000E+00-2.431500000E-01 1.896700000E+00-3.202500000E-01
 1.901300000E+00-3.401900000E-01 1.918200000E+00-4.168100000E-01 1.923400000E+00
-4.365500000E-01 1.942700000E+00-5.120400000E-01 1.948600000E+00-5.318500000E-01
 1.970600000E+00-6.069300000E-01 1.959700000E+00-6.265200000E-01 1.961800000E+00
-6.575600000E-01 2.009100000E+00-7.839900000E-01 2.020400000E+00-8.113000000E-01
 2.020700000E+00-8.120400000E-01 2.034500000E+00-8.453700000E-01 2.034800000E+00
-8.461200000E-01 2.048600000E+00-8.794500000E-01 2.049000000E+00-8.801900000E-01
 2.062800000E+00-9.135200000E-01 2.063100000E+00-9.142600000E-01 2.076900000E+00
-9.476000000E-01 2.077200000E+00-9.483400000E-01 2.091000000E+00-9.816700000E-01
 2.091300000E+00-9.824100000E-01 2.105100000E+00-1.015700000E+00 2.105500000E+00
-1.016700000E+00 2.119300000E+00-1.050000000E+00 2.119600000E+00-1.050700000E+00
 2.133400000E+00-1.084100000E+00 2.133700000E+00-1.084800000E+00 2.147500000E+00
-1.118100000E+00 2.147800000E+00-1.118900000E+00 2.161600000E+00-1.152200000E+00
 2.161900000E+00-1.153000000E+00 2.175700000E+00-1.186300000E+00 2.176100000E+00
-1.187000000E+00 2.189900000E+00-1.220400000E+00 2.190200000E+00-1.221100000E+00
 2.201500000E+00-1.248400000E+00 2.144600000E+00-1.274900000E+00 2.293600000E+00
-1.314800000E+00 2.293600000E+00-1.331400000E+00 2.295400000E+00-1.334400000E+00
 2.359900000E+00-1.334400000E+00 2.396200000E+00-1.373200000E+00 2.409100000E+00
-1.400300000E+00 2.412200000E+00-1.422000000E+00 2.412900000E+00-1.431500000E+00
 2.412900000E+00-1.468500000E+00 2.412200000E+00-1.476800000E+00 2.407600000E+00
-1.504400000E+00 2.398000000E+00-1.516400000E+00 2.419200000E+00-1.592200000E+00
 2.421200000E+00-1.610200000E+00 2.418800000E+00-1.642800000E+00 2.416300000E+00
-1.656100000E+00 2.405700000E+00-1.689700000E+00 2.315000000E+00-1.738700000E+00
 2.353500000E+00-1.738700000E+00 2.374300000E+00-1.735000000E+00 2.427400000E+00
-1.713500000E+00 2.446200000E+00-1.709800000E+00 2.523700000E+00-1.709800000E+00
 2.524600000E+00-1.700000000E+00 2.559100000E+00-1.655000000E+00 2.553000000E+00
-1.638000000E+00 2.573900000E+00-1.601800000E+00 2.633000000E+00-1.617100000E+00
 2.633700000E+00-1.619900000E+00 2.693800000E+00-1.635500000E+00 2.694300000E+00
-1.638200000E+00 2.754400000E+00-1.654800000E+00 2.755200000E+00-1.656600000E+00
 2.814700000E+00-1.672000000E+00 2.814700000E+00-1.707900000E+00 2.804300000E+00
-1.711600000E+00 2.857000000E+00-1.711600000E+00 2.878500000E+00-1.716000000E+00
 2.936400000E+00-1.741400000E+00 2.957300000E+00-1.745900000E+00 2.987000000E+00
-1.745900000E+00 2.897700000E+00-1.682300000E+00 2.882000000E+00-1.622800000E+00
 2.881600000E+00-1.591600000E+00 2.900500000E+00-1.510400000E+00 2.890500000E+00
-1.498400000E+00 2.887900000E+00-1.489200000E+00 2.885900000E+00-1.474000000E+00
 2.885900000E+00-1.435700000E+00 2.889500000E+00-1.417100000E+00 2.900800000E+00
-1.392800000E+00 2.913300000E+00-1.376200000E+00 2.963500000E+00-1.334800000E+00
 3.009700000E+00-1.334800000E+00 3.060000000E+00-1.297800000E+00 3.194000000E+00
-1.214000000E+00 3.202200000E+00-1.208900000E+00 3.306300000E+00-1.208900000E+00
 3.283200000E+00-1.124400000E+00
