  JET  ehtr   # 085450  62.4  62.4  seq: 0805      3  33  33
 2.400000215E+00 4.050000072E+00 2.960000000E+00 1.649999976E+00 1.250000596E-01
 2.933552647E+00 2.623862624E-01 1.075362587E+00 1.890416503E+00-1.399718070E+00
-1.689201800E+06 1.075362587E+00 0.000000000E+00 2.933552647E+00 0.000000000E+00
 2.623862624E-01 0.000000000E+00 1.890416503E+00 0.000000000E+00 0.000000000E+00
-4.471338844E+00-4.448403168E+00-4.426411819E+00-4.405357456E+00-4.385231686E+00
-4.366025543E+00-4.347729015E+00-4.330331612E+00-4.313822079E+00-4.298188400E+00
-4.283417797E+00-4.269496822E+00-4.256411362E+00-4.244146442E+00-4.232686901E+00
-4.222016144E+00-4.212117958E+00-4.202974796E+00-4.194568729E+00-4.186881447E+00
-4.179894066E+00-4.173587036E+00-4.167940521E+00-4.162934399E+00-4.158547688E+00
-4.154759598E+00-4.151548290E+00-4.148892689E+00-4.146770191E+00-4.145158768E+00
-4.144036007E+00-4.143379211E+00-4.143165398E+00
 1.099264004E+04 1.000004512E+04 9.069073828E+03 8.197751074E+03 7.384102148E+03
 6.626152148E+03 5.921926562E+03 5.269450488E+03 4.666749219E+03 4.111848047E+03
 3.602772119E+03 3.137546680E+03 2.714197119E+03 2.330748584E+03 1.985226294E+03
 1.675655493E+03 1.400061548E+03 1.156469580E+03 9.429048584E+02 7.573926880E+02
 5.979582520E+02 4.626268494E+02 3.494236694E+02 2.563740021E+02 1.815030731E+02
 1.228361328E+02 7.839843445E+01 4.621521683E+01 2.431172943E+01 1.071321754E+01
 3.444927406E+00 5.321062624E-01 0.000000000E+00
-4.109574839E+00-3.922922553E+00-3.740026811E+00-3.560887862E+00-3.385505520E+00
-3.213879783E+00-3.046010778E+00-2.881898441E+00-2.721542646E+00-2.564943521E+00
-2.412101095E+00-2.263015338E+00-2.117686155E+00-1.976113672E+00-1.838297827E+00
-1.704238618E+00-1.573936109E+00-1.447390206E+00-1.324600940E+00-1.205568390E+00
-1.090292461E+00-9.787731854E-01-8.710105465E-01-7.670045604E-01-6.667552272E-01
-5.702625389E-01-4.775265113E-01-3.885471287E-01-3.033244067E-01-2.218583258E-01
-1.441489016E-01-7.019612539E-02 0.000000000E+00
-4.020608906E+04-3.774792188E+04-3.536728516E+04-3.306417891E+04-3.083860273E+04
-2.869055781E+04-2.662004414E+04-2.462706133E+04-2.271160938E+04-2.087368711E+04
-1.911329727E+04-1.743043711E+04-1.582510820E+04-1.429731016E+04-1.284704297E+04
-1.147430625E+04-1.017910059E+04-8.961425781E+03-7.821281543E+03-6.758668359E+03
-5.773585938E+03-4.866034277E+03-4.036013428E+03-3.283523438E+03-2.608564258E+03
-2.011135864E+03-1.491238281E+03-1.048871545E+03-6.840356079E+02-3.967304810E+02
-1.869561737E+02-5.471267929E+01 0.000000000E+00
 2.038224936E+00 2.024657869E+00 2.010665846E+00 1.995891237E+00 1.979964924E+00
 1.962574673E+00 1.943416953E+00 1.921856666E+00 1.896134543E+00 1.861749411E+00
 1.811081886E+00 1.776465678E+00 1.769280839E+00 1.791654563E+00 1.822931266E+00
 1.835825729E+00 1.866576266E+00 1.916805220E+00 1.988423371E+00 2.053978586E+00
 2.111816072E+00 2.166121912E+00 2.217670345E+00 2.266155243E+00 2.311385202E+00
 2.353925943E+00 2.394836044E+00 2.435110712E+00 2.475425768E+00 2.516149902E+00
 2.557444906E+00 2.599358797E+00 2.641889715E+00 2.058447886E+00 2.041760540E+00
 2.024280739E+00 2.005840969E+00 1.986222506E+00 1.965275025E+00 1.943259668E+00
 1.922023058E+00 1.900561190E+00 1.876723266E+00 1.852565503E+00 1.834882975E+00
 1.829780126E+00 1.837877345E+00 1.854414439E+00 1.876286483E+00 1.906922817E+00
 1.948439527E+00 1.998939991E+00 2.053453541E+00 2.109322166E+00 2.165893078E+00
 2.221645403E+00 2.272131205E+00 2.314302588E+00 2.351047087E+00 2.386360216E+00
 2.422388744E+00 2.459955692E+00 2.499245405E+00 2.540204859E+00 2.582716608E+00
 2.626664972E+00 2.078522444E+00 2.058896780E+00 2.038457870E+00 2.017033529E+00
 1.994280910E+00 1.969682503E+00 1.945253444E+00 1.926765513E+00 1.911755252E+00
 1.896169853E+00 1.882371235E+00 1.872938657E+00 1.870003486E+00 1.874531460E+00
 1.886454654E+00 1.905580354E+00 1.932104921E+00 1.966138935E+00 2.007221413E+00
 2.054586411E+00 2.107966328E+00 2.168314075E+00 2.238904715E+00 2.299968100E+00
 2.331988144E+00 2.352424622E+00 2.376715612E+00 2.406910801E+00 2.441597939E+00
 2.479788971E+00 2.520840645E+00 2.564332724E+00 2.609990025E+00 2.098179960E+00
 2.075769758E+00 2.052829170E+00 2.029280233E+00 2.004953623E+00 1.979452205E+00
 1.956198359E+00 1.937961483E+00 1.923204350E+00 1.909476447E+00 1.898175669E+00
 1.890601945E+00 1.887886620E+00 1.890840840E+00 1.899939799E+00 1.915441895E+00
 1.937492347E+00 1.966140413E+00 2.001363277E+00 2.043224001E+00 2.092213869E+00
 2.149856758E+00 2.220062876E+00 2.282805538E+00 2.319857311E+00 2.332728434E+00
 2.352284622E+00 2.381034422E+00 2.415670252E+00 2.454605961E+00 2.496976376E+00
 2.542268801E+00 2.590170574E+00 2.116366148E+00 2.091307545E+00 2.066107798E+00
 2.040868950E+00 2.015820122E+00 1.991462016E+00 1.968634105E+00 1.948084068E+00
 1.930063868E+00 1.914674568E+00 1.902315116E+00 1.893623900E+00 1.889298558E+00
 1.889974737E+00 1.896120238E+00 1.908047390E+00 1.925928664E+00 1.949825358E+00
 1.979719472E+00 2.015537643E+00 2.057145643E+00 2.104132128E+00 2.154616261E+00
 2.202469921E+00 2.242150211E+00 2.274691343E+00 2.306578922E+00 2.341569996E+00
 2.380185366E+00 2.422215891E+00 2.467366362E+00 2.515390635E+00 2.566115427E+00
 2.131867313E+00 2.104177856E+00 2.076587439E+00 2.049253893E+00 2.022430420E+00
 1.996477842E+00 1.971838117E+00 1.948963165E+00 1.928266001E+00 1.910150671E+00
 1.895072293E+00 1.883560252E+00 1.876246500E+00 1.873730564E+00 1.876476622E+00
 1.884784722E+00 1.898760080E+00 1.918389606E+00 1.943556881E+00 1.973956776E+00
 2.009060764E+00 2.047952461E+00 2.089173174E+00 2.130902863E+00 2.171802187E+00
 2.211820936E+00 2.252007198E+00 2.293565989E+00 2.337262297E+00 2.383436394E+00
 2.432192326E+00 2.483536959E+00 2.537455273E+00 2.143784332E+00 2.113397503E+00
 2.083144426E+00 2.053180027E+00 2.023722219E+00 1.995052004E+00 1.967504025E+00
 1.941452456E+00 1.917302060E+00 1.895490313E+00 1.876501989E+00 1.861011076E+00
 1.849708939E+00 1.843208671E+00 1.842006207E+00 1.846446466E+00 1.856697631E+00
 1.872735977E+00 1.894317412E+00 1.920975375E+00 1.952223778E+00 1.987339258E+00
 2.025477791E+00 2.065796232E+00 2.107662821E+00 2.150815678E+00 2.195344257E+00
 2.241520596E+00 2.289625788E+00 2.339865065E+00 2.392362547E+00 2.447188997E+00
 2.504395008E+00 2.151697874E+00 2.118520164E+00 2.085344601E+00 2.052310705E+00
 2.019604921E+00 1.987462378E+00 1.956166339E+00 1.926048207E+00 1.897487926E+00
 1.870921445E+00 1.847061110E+00 1.826700282E+00 1.810598421E+00 1.799443078E+00
 1.793810630E+00 1.794129467E+00 1.800648999E+00 1.813417554E+00 1.832269955E+00
 1.856829286E+00 1.886523724E+00 1.920564413E+00 1.958351994E+00 1.999275255E+00
 2.042835474E+00 2.088684702E+00 2.136631155E+00 2.186605215E+00 2.238606310E+00
 2.292661095E+00 2.348802042E+00 2.407063341E+00 2.467486429E+00 2.155616951E+00
 2.119552326E+00 2.083233976E+00 2.046779490E+00 2.010343027E+00 1.974119210E+00
 1.938347721E+00 1.903318620E+00 1.869381404E+00 1.837210512E+00 1.807679915E+00
 1.781678414E+00 1.760073638E+00 1.743670774E+00 1.733168912E+00 1.729118776E+00
 1.731886196E+00 1.741624641E+00 1.758260393E+00 1.781494260E+00 1.810821271E+00
 1.845565534E+00 1.884943652E+00 1.928059435E+00 1.974396038E+00 2.023509836E+00
 2.075078106E+00 2.128869677E+00 2.184731007E+00 2.242565060E+00 2.302316856E+00
 2.363962364E+00 2.427505684E+00 2.155870819E+00 2.116838646E+00 2.077204895E+00
 2.037054968E+00 1.996502304E+00 1.955693340E+00 1.914814162E+00 1.874095559E+00
 1.834062624E+00 1.795622230E+00 1.759747791E+00 1.727449751E+00 1.699735641E+00
 1.677563024E+00 1.661789227E+00 1.653120780E+00 1.652068281E+00 1.658910394E+00
 1.673672915E+00 1.696124864E+00 1.725793767E+00 1.762000060E+00 1.803908420E+00
 1.850583339E+00 1.901057863E+00 1.954448581E+00 2.010350323E+00 2.068439960E+00
 2.128476095E+00 2.190287209E+00 2.253758240E+00 2.318819332E+00 2.385437822E+00
 2.153014898E+00 2.110974121E+00 2.067917395E+00 2.023885679E+00 1.978938365E+00
 1.933160424E+00 1.886670232E+00 1.839697957E+00 1.793117189E+00 1.747919631E+00
 1.705195022E+00 1.666096616E+00 1.631796718E+00 1.603433323E+00 1.582051086E+00
 1.568539953E+00 1.563578129E+00 1.567584944E+00 1.580689716E+00 1.602720118E+00
 1.633213425E+00 1.671449256E+00 1.716500521E+00 1.767297626E+00 1.822702074E+00
 1.881572056E+00 1.942796373E+00 2.005914688E+00 2.070644903E+00 2.136784077E+00
 2.204192734E+00 2.272780609E+00 2.342495203E+00 2.147758341E+00 2.102735758E+00
 2.056240845E+00 2.008256531E+00 1.958771896E+00 1.907788348E+00 1.855325937E+00
 1.801950216E+00 1.748612976E+00 1.696409369E+00 1.646559000E+00 1.600372624E+00
 1.559204984E+00 1.524394679E+00 1.497194695E+00 1.478698683E+00 1.469770169E+00
 1.470981216E+00 1.482569075E+00 1.504415393E+00 1.536052418E+00 1.576695609E+00
 1.625299525E+00 1.680630994E+00 1.741350126E+00 1.806093812E+00 1.873552752E+00
 1.942527008E+00 2.012535286E+00 2.083398581E+00 2.154995394E+00 2.227249050E+00
 2.300114107E+00 2.140902376E+00 2.093022823E+00 2.043199730E+00 1.991346931E+00
 1.937370348E+00 1.881172657E+00 1.822812581E+00 1.763115072E+00 1.703091168E+00
 1.643930531E+00 1.586981487E+00 1.533715606E+00 1.485676336E+00 1.444411445E+00
 1.411392355E+00 1.387927341E+00 1.375074673E+00 1.373566580E+00 1.383751369E+00
 1.405562782E+00 1.438520479E+00 1.481763744E+00 1.534114242E+00 1.594159508E+00
 1.660349798E+00 1.731095767E+00 1.804859519E+00 1.880237699E+00 1.956009007E+00
 2.031903505E+00 2.107866621E+00 2.183872461E+00 2.259913492E+00 2.133282137E+00
 2.082792091E+00 2.029903746E+00 1.974455047E+00 1.916257977E+00 1.855094576E+00
 1.791286635E+00 1.725705171E+00 1.659426093E+00 1.593731141E+00 1.530091286E+00
 1.470132709E+00 1.415581608E+00 1.368189454E+00 1.329642534E+00 1.301460671E+00
 1.284895468E+00 1.280837965E+00 1.289746976E+00 1.311607385E+00 1.345922804E+00
 1.391753006E+00 1.447784281E+00 1.512424898E+00 1.583915997E+00 1.660445356E+00
 1.740253663E+00 1.821722937E+00 1.903447652E+00 1.984452081E+00 2.064774561E+00
 2.144475079E+00 2.223613739E+00 2.125704193E+00 2.072986603E+00 2.017467499E+00
 1.958913279E+00 1.897051358E+00 1.831569934E+00 1.763043332E+00 1.692360735E+00
 1.620644855E+00 1.549253154E+00 1.479762697E+00 1.413935304E+00 1.353659344E+00
 1.300869155E+00 1.257444501E+00 1.225097203E+00 1.205254650E+00 1.198953223E+00
 1.206754923E+00 1.228701162E+00 1.264271665E+00 1.312451148E+00 1.371801996E+00
 1.440569305E+00 1.516805053E+00 1.598496747E+00 1.683686781E+00 1.770573974E+00
 1.857588696E+00 1.943443704E+00 2.027829885E+00 2.110936689E+00 2.192919016E+00
 2.118882513E+00 2.064453411E+00 2.006901598E+00 1.945928335E+00 1.881178880E+00
 1.812383080E+00 1.740214372E+00 1.665580487E+00 1.589640927E+00 1.513811517E+00
 1.439751410E+00 1.369328618E+00 1.304559493E+00 1.247523642E+00 1.200255466E+00
 1.164620566E+00 1.142186928E+00 1.134104681E+00 1.141008377E+00 1.163060212E+00
 1.199647665E+00 1.249707937E+00 1.311708856E+00 1.383766603E+00 1.463782692E+00
 1.549585223E+00 1.639060116E+00 1.730261493E+00 1.821494365E+00 1.911366534E+00
 1.999107623E+00 2.085025835E+00 2.169367027E+00 2.113376999E+00 2.057874489E+00
 1.999042082E+00 1.936532092E+00 1.869927526E+00 1.799055576E+00 1.724596357E+00
 1.647470593E+00 1.568861151E+00 1.490220213E+00 1.413258576E+00 1.339911199E+00
 1.272276163E+00 1.212526417E+00 1.162796903E+00 1.125054312E+00 1.100961590E+00
 1.091750503E+00 1.098120093E+00 1.120174670E+00 1.157381392E+00 1.208633804E+00
 1.272333884E+00 1.346513033E+00 1.428975391E+00 1.517446613E+00 1.609712791E+00
 1.703737783E+00 1.797751689E+00 1.890309834E+00 1.980323768E+00 2.068169403E+00
 2.154159117E+00 2.109538269E+00 2.053694105E+00 1.994451094E+00 1.931437874E+00
 1.864209032E+00 1.792648888E+00 1.717434883E+00 1.639489079E+00 1.559999824E+00
 1.480429602E+00 1.402504516E+00 1.328180647E+00 1.259582329E+00 1.198913288E+00
 1.148342037E+00 1.109869957E+00 1.085192347E+00 1.075568390E+00 1.081715322E+00
 1.103741145E+00 1.141124296E+00 1.192753792E+00 1.257015204E+00 1.331915236E+00
 1.415227175E+00 1.504643512E+00 1.597917056E+00 1.692980313E+00 1.788034916E+00
 1.881608176E+00 1.972577119E+00 2.061257935E+00 2.148011494E+00 2.107465839E+00
 2.052062178E+00 1.993338633E+00 1.930926561E+00 1.864386106E+00 1.793604779E+00
 1.719255352E+00 1.642251873E+00 1.563770366E+00 1.485255909E+00 1.408411908E+00
 1.335166478E+00 1.267611408E+00 1.207914448E+00 1.158206868E+00 1.120453811E+00
 1.096318555E+00 1.087035155E+00 1.093304992E+00 1.115232015E+00 1.152305770E+00
 1.203437567E+00 1.267044377E+00 1.341169906E+00 1.423627973E+00 1.512151313E+00
 1.604531050E+00 1.698734140E+00 1.792992783E+00 1.885863256E+00 1.976259208E+00
 2.064539766E+00 2.151057863E+00 2.106990576E+00 2.052814054E+00 1.995538926E+00
 1.934824228E+00 1.870267010E+00 1.801704860E+00 1.729803324E+00 1.655458164E+00
 1.579814911E+00 1.504274225E+00 1.430479860E+00 1.360284734E+00 1.295691919E+00
 1.238770270E+00 1.191546965E+00 1.155885339E+00 1.133356810E+00 1.125121975E+00
 1.131834674E+00 1.153582168E+00 1.189870977E+00 1.239660907E+00 1.301444387E+00
 1.373360062E+00 1.453328156E+00 1.539190984E+00 1.628844261E+00 1.720349503E+00
 1.812018633E+00 1.902471280E+00 1.990853786E+00 2.077530670E+00 2.162814522E+00
 2.107686234E+00 2.055486155E+00 2.000531340E+00 1.942527890E+00 1.881137347E+00
 1.816110158E+00 1.748091960E+00 1.677947354E+00 1.606773329E+00 1.535901046E+00
 1.466881752E+00 1.401452565E+00 1.341480064E+00 1.288881111E+00 1.245524049E+00
 1.213116670E+00 1.193090463E+00 1.186494231E+00 1.193908691E+00 1.215394640E+00
 1.250481653E+00 1.298200321E+00 1.357154655E+00 1.425625896E+00 1.501694870E+00
 1.583370256E+00 1.668708897E+00 1.755918026E+00 1.843433475E+00 1.929965734E+00
 2.015097952E+00 2.099106979E+00 2.182241583E+00 2.108909893E+00 2.059367847E+00
 2.007502699E+00 1.953077507E+00 1.895830154E+00 1.835473561E+00 1.772546983E+00
 1.707875800E+00 1.642494678E+00 1.577645278E+00 1.514760709E+00 1.455431390E+00
 1.401352119E+00 1.354249907E+00 1.315795588E+00 1.287504578E+00 1.270636654E+00
 1.266103649E+00 1.274397373E+00 1.295546532E+00 1.329109144E+00 1.374202442E+00
 1.429567432E+00 1.493660164E+00 1.564759874E+00 1.641081834E+00 1.720884347E+00
 1.802562499E+00 1.884721518E+00 1.966243434E+00 2.047175312E+00 2.127667189E+00
 2.207882929E+00 2.109870911E+00 2.063588715E+00 2.015461206E+00 1.965306878E+00
 1.912935543E+00 1.858147836E+00 1.801232910E+00 1.742976737E+00 1.684341860E+00
 1.626466393E+00 1.570647383E+00 1.518308902E+00 1.470953059E+00 1.430095887E+00
 1.397190332E+00 1.373541522E+00 1.360222387E+00 1.357997131E+00 1.367262650E+00
 1.388014579E+00 1.419843316E+00 1.461961627E+00 1.513260293E+00 1.572386551E+00
 1.637836337E+00 1.708050489E+00 1.781507301E+00 1.856800795E+00 1.932708001E+00
 2.008743429E+00 2.084933376E+00 2.161339808E+00 2.238056660E+00 2.109721708E+00
 2.067227411E+00 2.023368216E+00 1.978017592E+00 1.931061625E+00 1.882403874E+00
 1.832091737E+00 1.780838466E+00 1.729518867E+00 1.679156137E+00 1.630901837E+00
 1.586004972E+00 1.545767784E+00 1.511490011E+00 1.484403682E+00 1.465602446E+00
 1.455973005E+00 1.456134009E+00 1.466389751E+00 1.486705732E+00 1.516707182E+00
 1.555704188E+00 1.602739072E+00 1.656651616E+00 1.716156387E+00 1.779923368E+00
 1.846653461E+00 1.915151024E+00 1.984667587E+00 2.055063248E+00 2.126264763E+00
 2.198255825E+00 2.271069336E+00 2.107668877E+00 2.069422054E+00 2.030243206E+00
 1.990054488E+00 1.948807383E+00 1.906487060E+00 1.863116860E+00 1.819141626E+00
 1.775357223E+00 1.732672977E+00 1.692096066E+00 1.654702878E+00 1.621601224E+00
 1.593882632E+00 1.572568560E+00 1.558553600E+00 1.552550650E+00 1.555044103E+00
 1.566254783E+00 1.586122751E+00 1.614309049E+00 1.650217271E+00 1.693033838E+00
 1.741781569E+00 1.795381904E+00 1.852718425E+00 1.912713528E+00 1.974603939E+00
 2.038117743E+00 2.103054476E+00 2.169283867E+00 2.236737299E+00 2.305401945E+00
 2.103103542E+00 2.069500828E+00 2.035304928E+00 2.000483465E+00 1.965046191E+00
 1.929049778E+00 1.892604256E+00 1.855879998E+00 1.819542217E+00 1.784388232E+00
 1.751285696E+00 1.721148491E+00 1.694903755E+00 1.673452616E+00 1.657626200E+00
 1.648140836E+00 1.645555925E+00 1.650238276E+00 1.662337446E+00 1.681774354E+00
 1.708245015E+00 1.741239333E+00 1.780074406E+00 1.823936057E+00 1.871933532E+00
 1.923140430E+00 1.976979566E+00 2.033092165E+00 2.091186571E+00 2.151040840E+00
 2.212494993E+00 2.275447035E+00 2.339850187E+00 2.095740986E+00 2.067102671E+00
 2.038078308E+00 2.008682966E+00 1.978980064E+00 1.949082661E+00 1.919158220E+00
 1.889436197E+00 1.860223365E+00 1.832215405E+00 1.806151342E+00 1.782799530E+00
 1.762926769E+00 1.747267318E+00 1.736487937E+00 1.731152296E+00 1.731689572E+00
 1.738368201E+00 1.751279759E+00 1.770332527E+00 1.795255041E+00 1.825609994E+00
 1.860831308E+00 1.900247025E+00 1.943178678E+00 1.989240885E+00 2.038047457E+00
 2.089264965E+00 2.142615414E+00 2.197873497E+00 2.254865074E+00 2.313467360E+00
 2.373606634E+00 2.085741329E+00 2.062267971E+00 2.038467264E+00 2.014411020E+00
 1.990216732E+00 1.966047168E+00 1.942112684E+00 1.918675566E+00 1.896059465E+00
 1.874646854E+00 1.855029178E+00 1.837849975E+00 1.823736644E+00 1.813285303E+00
 1.807026887E+00 1.805399776E+00 1.808726168E+00 1.817193270E+00 1.830843234E+00
 1.849582148E+00 1.873175478E+00 1.901228833E+00 1.933316207E+00 1.969119358E+00
 2.008267641E+00 2.050411034E+00 2.095224380E+00 2.142413378E+00 2.191718388E+00
 2.242918253E+00 2.295832205E+00 2.350321150E+00 2.406288624E+00 2.073764563E+00
 2.055467606E+00 2.036764383E+00 2.017796898E+00 1.998741984E+00 1.979809570E+00
 1.961242628E+00 1.943320489E+00 1.926362610E+00 1.910735869E+00 1.896856976E+00
 1.885158038E+00 1.876119709E+00 1.870240188E+00 1.867943287E+00 1.869567990E+00
 1.875352478E+00 1.885416293E+00 1.899737310E+00 1.918251300E+00 1.940845895E+00
 1.967316937E+00 1.997409105E+00 2.030849028E+00 2.067348146E+00 2.106617355E+00
 2.148374176E+00 2.192350626E+00 2.238300610E+00 2.286004162E+00 2.335272741E+00
 2.385951424E+00 2.437921953E+00 2.060924435E+00 2.047549534E+00 2.033586645E+00
 2.019266510E+00 2.004835320E+00 1.990549207E+00 1.976676488E+00 1.963501239E+00
 1.951327896E+00 1.940483165E+00 1.931315613E+00 1.924186826E+00 1.919462895E+00
 1.917496824E+00 1.918602777E+00 1.923038435E+00 1.930992246E+00 1.942575836E+00
 1.957823491E+00 1.976706147E+00 1.999136662E+00 2.024972296E+00 2.054025507E+00
 2.086077976E+00 2.120887804E+00 2.158199835E+00 2.197753716E+00 2.239292192E+00
 2.282569504E+00 2.327357244E+00 2.373451948E+00 2.420679712E+00 2.468899727E+00
 2.048675585E+00 2.039609766E+00 2.029731464E+00 2.019394493E+00 2.008922482E+00
 1.998610568E+00 1.988736701E+00 1.979575586E+00 1.971408629E+00 1.964529133E+00
 1.959240746E+00 1.955850863E+00 1.954661226E+00 1.955955100E+00 1.959983206E+00
 1.966952705E+00 1.977018428E+00 1.990278625E+00 2.006773615E+00 2.026489353E+00
 2.049360466E+00 2.075273800E+00 2.104073524E+00 2.135567856E+00 2.169534826E+00
 2.205730057E+00 2.243893671E+00 2.283758593E+00 2.325059938E+00 2.367544651E+00
 2.410981131E+00 2.455168104E+00 2.499940443E+00 2.038669777E+00 2.032755375E+00
 2.025917673E+00 2.018664360E+00 2.011373377E+00 2.004332781E+00 1.997784209E+00
 1.991959405E+00 1.987102580E+00 1.983477306E+00 1.981362128E+00 1.981038833E+00
 1.982778978E+00 1.986831093E+00 1.993410826E+00 2.002693415E+00 2.014809370E+00
 2.029842043E+00 2.047827196E+00 2.068753529E+00 2.092564106E+00 2.119157696E+00
 2.148390865E+00 2.180079794E+00 2.214003563E+00 2.249907446E+00 2.287508774E+00
 2.326505041E+00 2.366585493E+00 2.407445383E+00 2.448801947E+00 2.490409994E+00
 2.532074308E+00 2.032298899E+00 2.027544641E+00 2.022290707E+00 2.017101717E+00
 2.012264585E+00 2.007913446E+00 2.004139757E+00 2.001068115E+00 1.998889446E+00
 1.997857141E+00 1.998260903E+00 2.000395679E+00 2.004536486E+00 2.010922813E+00
 2.019751167E+00 2.031173658E+00 2.045298481E+00 2.062192011E+00 2.081879377E+00
 2.104346132E+00 2.129537868E+00 2.157358837E+00 2.187670565E+00 2.220288992E+00
 2.254982424E+00 2.291470289E+00 2.329423761E+00 2.368473053E+00 2.408220720E+00
 2.448263979E+00 2.488224125E+00 2.527778387E+00 2.566686249E+00
 6.900011778E-01 7.032459974E-01 7.190429091E-01 7.358582616E-01 7.539456487E-01
 7.731813669E-01 7.936230063E-01 8.153800130E-01 8.385323167E-01 8.632053375E-01
 8.895414233E-01 9.177048087E-01 9.478824258E-01 9.802588820E-01 1.015059757E+00
 1.052569580E+00 1.093122149E+00 1.137046981E+00 1.184763551E+00 1.236826944E+00
 1.293869948E+00 1.356587338E+00 1.425937295E+00 1.503175807E+00 1.589783525E+00
 1.687764502E+00 1.799971080E+00 1.930332088E+00 2.084880686E+00 2.274071598E+00
 2.518581533E+00 2.875455761E+00 5.277532673E+00
  104  251
 2.563154459E+00-1.448146296E+00 2.623356676E+00-1.401742339E+00 2.684456491E+00
-1.356524730E+00 2.746071625E+00-1.312010884E+00 2.807981253E+00-1.267907453E+00
 2.870069218E+00-1.224055195E+00 2.932132530E+00-1.180168247E+00 2.994055414E+00
-1.136083293E+00 3.055729771E+00-1.091651678E+00 3.116797972E+00-1.046391463E+00
 3.177028322E+00-1.000022805E+00 3.236090136E+00-9.521771550E-01 3.293504858E+00
-9.023683667E-01 3.349053812E+00-8.504879832E-01 3.402331305E+00-7.962799668E-01
 3.453091240E+00-7.397073627E-01 3.501181984E+00-6.808501720E-01 3.546412849E+00
-6.197673082E-01 3.588695288E+00-5.566083312E-01 3.627890539E+00-4.914881706E-01
 3.663915730E+00-4.245624721E-01 3.696697998E+00-3.559896767E-01 3.726151371E+00
-2.859230459E-01 3.752164173E+00-2.145073682E-01 3.774687624E+00-1.419159144E-01
 3.793582106E+00-6.829679012E-02 3.808762836E+00 6.176746730E-03 3.820188999E+00
 8.131810725E-02 3.827867842E+00 1.569344193E-01 3.831783342E+00 2.328386724E-01
 3.831900597E+00 3.088436842E-01 3.828260088E+00 3.847618222E-01 3.820922375E+00
 4.604123771E-01 3.809947824E+00 5.356215596E-01 3.795367956E+00 6.102156997E-01
 3.777199268E+00 6.840177774E-01 3.755521679E+00 7.568668485E-01 3.730455208E+00
 8.286204457E-01 3.701963329E+00 8.990835071E-01 3.670046759E+00 9.680629253E-01
 3.634767294E+00 1.035384202E+00 3.596128416E+00 1.100834703E+00 3.554186821E+00
 1.164219522E+00 3.508980703E+00 1.225318193E+00 3.460572433E+00 1.283912516E+00
 3.409086180E+00 1.339820886E+00 3.354590559E+00 1.392800474E+00 3.297284317E+00
 1.442725682E+00 3.237202454E+00 1.489271903E+00 3.174532270E+00 1.532270646E+00
 3.109432888E+00 1.571491718E+00 3.041952896E+00 1.606453657E+00 2.972239828E+00
 1.636715031E+00 2.900510311E+00 1.661817479E+00 2.826976633E+00 1.680979180E+00
 2.751974106E+00 1.693139267E+00 2.676108503E+00 1.697170138E+00 2.600326490E+00
 1.691942573E+00 2.525945759E+00 1.676569080E+00 2.454510498E+00 1.650773573E+00
 2.387464714E+00 1.615084553E+00 2.325953865E+00 1.570517540E+00 2.270558262E+00
 1.518527198E+00 2.221191072E+00 1.460768199E+00 2.177543879E+00 1.398563671E+00
 2.138977528E+00 1.333080029E+00 2.104962635E+00 1.265115786E+00 2.074863386E+00
 1.195325375E+00 2.048264599E+00 1.124125433E+00 2.024781227E+00 1.051836348E+00
 2.004039145E+00 9.787123561E-01 1.985831308E+00 9.049161434E-01 1.970047379E+00
 8.305633545E-01 1.956545353E+00 7.557621360E-01 1.945209932E+00 6.806018591E-01
 1.936007714E+00 6.051506877E-01 1.928938556E+00 5.294698358E-01 1.924010372E+00
 4.536194861E-01 1.921223831E+00 3.776603043E-01 1.920587444E+00 3.016526818E-01
 1.922101808E+00 2.256575346E-01 1.925774908E+00 1.497360706E-01 1.931609273E+00
 7.395009995E-02 1.939592052E+00-1.639829460E-03 1.949702334E+00-7.697475702E-02
 1.961903667E+00-1.519994378E-01 1.976192331E+00-2.266546547E-01 1.992597008E+00
-3.008735180E-01 2.011095810E+00-3.745984614E-01 2.031602859E+00-4.477903664E-01
 2.054103994E+00-5.203939080E-01 2.078631687E+00-5.923380613E-01 2.105108404E+00
-6.635883451E-01 2.133467627E+00-7.341102242E-01 2.163763762E+00-8.038220167E-01
 2.195943594E+00-8.726845860E-01 2.229969454E+00-9.406539321E-01 2.265821505E+00
-1.007678103E+00 2.303417015E+00-1.073740077E+00 2.342748451E+00-1.138783717E+00
 2.383728790E+00-1.202801156E+00 2.426394510E+00-1.265707827E+00 2.470719481E+00
-1.327456522E+00 2.516530609E+00-1.388111973E+00
 3.283200000E+00-1.124400000E+00 3.311900000E+00-1.083200000E+00 3.328400000E+00
-1.063100000E+00 3.352400000E+00-1.038700000E+00 3.373200000E+00-1.017200000E+00
 3.423300000E+00-9.599200000E-01 3.447300000E+00-9.322900000E-01 3.494300000E+00
-8.718600000E-01 3.516800000E+00-8.428400000E-01 3.559100000E+00-7.815500000E-01
 3.580500000E+00-7.501500000E-01 3.619300000E+00-6.867900000E-01 3.639000000E+00
-6.539000000E-01 3.673600000E+00-5.876900000E-01 3.688000000E+00-5.608800000E-01
 3.722300000E+00-4.849600000E-01 3.735000000E+00-4.576000000E-01 3.768200000E+00
-3.713700000E-01 3.775800000E+00-3.523900000E-01 3.802600000E+00-2.692000000E-01
 3.810800000E+00-2.445800000E-01 3.833300000E+00-1.579700000E-01 3.839600000E+00
-1.348100000E-01 3.856500000E+00-5.075000000E-02 3.862100000E+00-2.427000000E-02
 3.875200000E+00 6.852000000E-02 3.878400000E+00 8.885000000E-02 3.885700000E+00
 1.762500000E-01 3.887900000E+00 1.963000000E-01 3.890500000E+00 2.904500000E-01
 3.891400000E+00 3.133900000E-01 3.888600000E+00 4.075600000E-01 3.888400000E+00
 4.267400000E-01 3.880300000E+00 5.199300000E-01 3.878900000E+00 5.395800000E-01
 3.865600000E+00 6.322800000E-01 3.863500000E+00 6.497100000E-01 3.844500000E+00
 7.434700000E-01 3.840900000E+00 7.627300000E-01 3.817100000E+00 8.532500000E-01
 3.813000000E+00 8.705300000E-01 3.783700000E+00 9.612500000E-01 3.779000000E+00
 9.769900000E-01 3.744100000E+00 1.067200000E+00 3.738200000E+00 1.083400000E+00
 3.698700000E+00 1.170500000E+00 3.691800000E+00 1.186600000E+00 3.674900000E+00
 1.218800000E+00 3.667400000E+00 1.236400000E+00 3.637300000E+00 1.333900000E+00
 3.642100000E+00 1.407700000E+00 3.621400000E+00 1.426600000E+00 3.620800000E+00
 1.427100000E+00 3.594100000E+00 1.451400000E+00 3.593500000E+00 1.451900000E+00
 3.566800000E+00 1.476200000E+00 3.566200000E+00 1.476700000E+00 3.539500000E+00
 1.501000000E+00 3.538900000E+00 1.501600000E+00 3.512200000E+00 1.525800000E+00
 3.511600000E+00 1.526400000E+00 3.484900000E+00 1.550700000E+00 3.484400000E+00
 1.551200000E+00 3.457700000E+00 1.575500000E+00 3.457100000E+00 1.576000000E+00
 3.430400000E+00 1.600300000E+00 3.429800000E+00 1.600800000E+00 3.403100000E+00
 1.625100000E+00 3.402500000E+00 1.625700000E+00 3.381800000E+00 1.644500000E+00
 3.331500000E+00 1.704100000E+00 3.281800000E+00 1.738700000E+00 3.186300000E+00
 1.817500000E+00 3.136600000E+00 1.852100000E+00 3.001000000E+00 1.883400000E+00
 2.868900000E+00 1.939600000E+00 2.852500000E+00 1.945300000E+00 2.775600000E+00
 1.968000000E+00 2.757600000E+00 1.972000000E+00 2.679000000E+00 1.982900000E+00
 2.658900000E+00 1.984000000E+00 2.577900000E+00 1.982900000E+00 2.560600000E+00
 1.981100000E+00 2.480100000E+00 1.967700000E+00 2.466000000E+00 1.964200000E+00
 2.388400000E+00 1.938900000E+00 2.374200000E+00 1.933100000E+00 2.298000000E+00
 1.894700000E+00 2.287500000E+00 1.888400000E+00 2.195400000E+00 1.822800000E+00
 2.182400000E+00 1.823700000E+00 2.165700000E+00 1.790800000E+00 2.165300000E+00
 1.790100000E+00 2.149000000E+00 1.757900000E+00 2.148600000E+00 1.757200000E+00
 2.132300000E+00 1.725100000E+00 2.131900000E+00 1.724300000E+00 2.115600000E+00
 1.692200000E+00 2.115200000E+00 1.691500000E+00 2.098900000E+00 1.659300000E+00
 2.098500000E+00 1.658600000E+00 2.082200000E+00 1.626400000E+00 2.081800000E+00
 1.625700000E+00 2.068200000E+00 1.598800000E+00 2.067600000E+00 1.598200000E+00
 2.054700000E+00 1.564500000E+00 2.054400000E+00 1.563700000E+00 2.041500000E+00
 1.530000000E+00 2.041200000E+00 1.529300000E+00 2.028300000E+00 1.495600000E+00
 2.028000000E+00 1.494900000E+00 2.015100000E+00 1.461200000E+00 2.014800000E+00
 1.460400000E+00 2.001900000E+00 1.426700000E+00 2.001600000E+00 1.426000000E+00
 1.988800000E+00 1.392300000E+00 1.988500000E+00 1.391500000E+00 1.975600000E+00
 1.357800000E+00 1.975300000E+00 1.357100000E+00 1.961300000E+00 1.320600000E+00
 1.929900000E+00 1.273000000E+00 1.927000000E+00 1.261000000E+00 1.922600000E+00
 1.254000000E+00 1.942500000E+00 1.234600000E+00 1.927300000E+00 1.158300000E+00
 1.925000000E+00 1.138000000E+00 1.912400000E+00 1.060700000E+00 1.909700000E+00
 1.040000000E+00 1.898400000E+00 9.620700000E-01 1.895700000E+00 9.400900000E-01
 1.885800000E+00 8.623800000E-01 1.883000000E+00 8.406700000E-01 1.873100000E+00
 7.629600000E-01 1.870400000E+00 7.416800000E-01 1.860500000E+00 6.640800000E-01
 1.858400000E+00 6.428700000E-01 1.849900000E+00 5.654900000E-01 1.848200000E+00
 5.452300000E-01 1.841800000E+00 4.671000000E-01 1.841000000E+00 4.461600000E-01
 1.837200000E+00 3.683300000E-01 1.837000000E+00 3.473700000E-01 1.835900000E+00
 2.700200000E-01 1.836400000E+00 2.485000000E-01 1.837900000E+00 1.709900000E-01
 1.839100000E+00 1.496700000E-01 1.843100000E+00 7.136000000E-02 1.845000000E+00
 5.067000000E-02 1.851700000E+00-2.749000000E-02 1.854200000E+00-4.782000000E-02
 1.863400000E+00-1.248400000E-01 1.866600000E+00-1.455400000E-01 1.878500000E+00
-2.231300000E-01 1.882300000E+00-2.431500000E-01 1.896700000E+00-3.202500000E-01
 1.901300000E+00-3.401900000E-01 1.918200000E+00-4.168100000E-01 1.923400000E+00
-4.365500000E-01 1.942700000E+00-5.120400000E-01 1.948600000E+00-5.318500000E-01
 1.970600000E+00-6.069300000E-01 1.959700000E+00-6.265200000E-01 1.961800000E+00
-6.575600000E-01 2.009100000E+00-7.839900000E-01 2.020400000E+00-8.113000000E-01
 2.020700000E+00-8.120400000E-01 2.034500000E+00-8.453700000E-01 2.034800000E+00
-8.461200000E-01 2.048600000E+00-8.794500000E-01 2.049000000E+00-8.801900000E-01
 2.062800000E+00-9.135200000E-01 2.063100000E+00-9.142600000E-01 2.076900000E+00
-9.476000000E-01 2.077200000E+00-9.483400000E-01 2.091000000E+00-9.816700000E-01
 2.091300000E+00-9.824100000E-01 2.105100000E+00-1.015700000E+00 2.105500000E+00
-1.016700000E+00 2.119300000E+00-1.050000000E+00 2.119600000E+00-1.050700000E+00
 2.133400000E+00-1.084100000E+00 2.133700000E+00-1.084800000E+00 2.147500000E+00
-1.118100000E+00 2.147800000E+00-1.118900000E+00 2.161600000E+00-1.152200000E+00
 2.161900000E+00-1.153000000E+00 2.175700000E+00-1.186300000E+00 2.176100000E+00
-1.187000000E+00 2.189900000E+00-1.220400000E+00 2.190200000E+00-1.221100000E+00
 2.201500000E+00-1.248400000E+00 2.144600000E+00-1.274900000E+00 2.293600000E+00
-1.314800000E+00 2.293600000E+00-1.331400000E+00 2.295400000E+00-1.334400000E+00
 2.359900000E+00-1.334400000E+00 2.396200000E+00-1.373200000E+00 2.409100000E+00
-1.400300000E+00 2.412200000E+00-1.422000000E+00 2.412900000E+00-1.431500000E+00
 2.412900000E+00-1.468500000E+00 2.412200000E+00-1.476800000E+00 2.407600000E+00
-1.504400000E+00 2.398000000E+00-1.516400000E+00 2.419200000E+00-1.592200000E+00
 2.421200000E+00-1.610200000E+00 2.418800000E+00-1.642800000E+00 2.416300000E+00
-1.656100000E+00 2.405700000E+00-1.689700000E+00 2.315000000E+00-1.738700000E+00
 2.353500000E+00-1.738700000E+00 2.374300000E+00-1.735000000E+00 2.427400000E+00
-1.713500000E+00 2.446200000E+00-1.709800000E+00 2.523700000E+00-1.709800000E+00
 2.524600000E+00-1.700000000E+00 2.559100000E+00-1.655000000E+00 2.553000000E+00
-1.638000000E+00 2.573900000E+00-1.601800000E+00 2.633000000E+00-1.617100000E+00
 2.633700000E+00-1.619900000E+00 2.693800000E+00-1.635500000E+00 2.694300000E+00
-1.638200000E+00 2.754400000E+00-1.654800000E+00 2.755200000E+00-1.656600000E+00
 2.814700000E+00-1.672000000E+00 2.814700000E+00-1.707900000E+00 2.804300000E+00
-1.711600000E+00 2.857000000E+00-1.711600000E+00 2.878500000E+00-1.716000000E+00
 2.936400000E+00-1.741400000E+00 2.957300000E+00-1.745900000E+00 2.987000000E+00
-1.745900000E+00 2.897700000E+00-1.682300000E+00 2.882000000E+00-1.622800000E+00
 2.881600000E+00-1.591600000E+00 2.900500000E+00-1.510400000E+00 2.890500000E+00
-1.498400000E+00 2.887900000E+00-1.489200000E+00 2.885900000E+00-1.474000000E+00
 2.885900000E+00-1.435700000E+00 2.889500000E+00-1.417100000E+00 2.900800000E+00
-1.392800000E+00 2.913300000E+00-1.376200000E+00 2.963500000E+00-1.334800000E+00
 3.009700000E+00-1.334800000E+00 3.060000000E+00-1.297800000E+00 3.194000000E+00
-1.214000000E+00 3.202200000E+00-1.208900000E+00 3.306300000E+00-1.208900000E+00
 3.283200000E+00-1.124400000E+00
