  JET  ehtr   # 085943  62.4  62.4  seq: 0854      3  33  33
 2.400000215E+00 4.050000072E+00 2.960000000E+00 1.649999976E+00 1.250000596E-01
 2.932506879E+00 2.599858774E-01 1.031313525E+00 2.072684659E+00-2.966240274E+00
-1.954589514E+06 1.031313525E+00 0.000000000E+00 2.932506879E+00 0.000000000E+00
 2.599858774E-01 0.000000000E+00 2.072684659E+00 0.000000000E+00 0.000000000E+00
-9.028467178E+00-9.008656290E+00-8.989883741E+00-8.972126537E+00-8.955360730E+00
-8.939562692E+00-8.924706989E+00-8.910769039E+00-8.897723198E+00-8.885543505E+00
-8.874203576E+00-8.863676283E+00-8.853934712E+00-8.844951630E+00-8.836698850E+00
-8.829148716E+00-8.822272831E+00-8.816042158E+00-8.810428301E+00-8.805402226E+00
-8.800934474E+00-8.796996011E+00-8.793556955E+00-8.790587955E+00-8.788059023E+00
-8.785940382E+00-8.784201940E+00-8.782813920E+00-8.781745911E+00-8.780967818E+00
-8.780449655E+00-8.780160586E+00-8.780071365E+00
 2.695539822E+04 2.449922982E+04 2.219698828E+04 2.004369184E+04 1.803435959E+04
 1.616401074E+04 1.442766461E+04 1.282034006E+04 1.133705599E+04 9.972831597E+03
 8.722685981E+03 7.581638184E+03 6.544707248E+03 5.606912381E+03 4.763272515E+03
 4.008806722E+03 3.338534098E+03 2.747473660E+03 2.230644531E+03 1.783065837E+03
 1.399756510E+03 1.075735718E+03 8.060224813E+02 5.856358710E+02 4.095949843E+02
 2.729188707E+02 1.706265869E+02 9.773721653E+01 4.926982371E+01 2.024347263E+01
 5.677234385E+00 5.901749167E-01 1.362284225E-03
-5.642151174E+00-5.339189591E+00-5.044398666E+00-4.757778363E+00-4.479328544E+00
-4.209049382E+00-3.946940808E+00-3.693002926E+00-3.447235527E+00-3.209638716E+00
-2.980212632E+00-2.758957102E+00-2.545872158E+00-2.340957803E+00-2.144214070E+00
-1.955640943E+00-1.775238438E+00-1.603006521E+00-1.438945156E+00-1.283054458E+00
-1.135334339E+00-9.957848250E-01-8.644059249E-01-7.411976126E-01-6.261599142E-01
-5.192928079E-01-4.205963111E-01-3.300704195E-01-2.477151331E-01-1.735304453E-01
-1.075163595E-01-4.967287878E-02 0.000000000E+00
-7.789086111E+04-7.308438889E+04-6.843097222E+04-6.393061111E+04-5.958330816E+04
-5.538906337E+04-5.134787500E+04-4.745974349E+04-4.372466884E+04-4.014265104E+04
-3.671369054E+04-3.343778776E+04-3.031494141E+04-2.734515213E+04-2.452842014E+04
-2.186474523E+04-1.935412695E+04-1.699656597E+04-1.479206239E+04-1.274061556E+04
-1.084222591E+04-9.096893229E+03-7.504617567E+03-6.065398926E+03-4.779237467E+03
-3.646133111E+03-2.666085802E+03-1.839095500E+03-1.165162259E+03-6.442861057E+02
-2.764670071E+02-6.170497428E+01 0.000000000E+00
 2.206236601E+00 2.194734600E+00 2.182374795E+00 2.168946346E+00 2.154205614E+00
 2.137953149E+00 2.119997846E+00 2.099806256E+00 2.075685422E+00 2.043255674E+00
 1.995148010E+00 1.961830642E+00 1.953768293E+00 1.972291337E+00 1.995966978E+00
 2.001293076E+00 2.032421218E+00 2.090206438E+00 2.176596589E+00 2.255255328E+00
 2.323882871E+00 2.387965229E+00 2.448607577E+00 2.505545219E+00 2.558604108E+00
 2.608470890E+00 2.656394588E+00 2.703544060E+00 2.750711838E+00 2.798329883E+00
 2.846586916E+00 2.895537535E+00 2.945176760E+00 2.230669949E+00 2.215309143E+00
 2.198839611E+00 2.181158808E+00 2.162112527E+00 2.141628027E+00 2.120119015E+00
 2.099874496E+00 2.079811944E+00 2.057378663E+00 2.034433073E+00 2.017357270E+00
 2.011857086E+00 2.018464486E+00 2.032950825E+00 2.053867473E+00 2.086541176E+00
 2.133721722E+00 2.192747990E+00 2.256937583E+00 2.322695229E+00 2.389151255E+00
 2.454542451E+00 2.513715771E+00 2.563145346E+00 2.606208510E+00 2.647567564E+00
 2.689728392E+00 2.733653598E+00 2.779559135E+00 2.827382962E+00 2.876986212E+00
 2.928230657E+00 2.256234513E+00 2.236957153E+00 2.216677904E+00 2.195222510E+00
 2.172223462E+00 2.147104899E+00 2.122266690E+00 2.104511923E+00 2.090861029E+00
 2.076339563E+00 2.063374519E+00 2.054534223E+00 2.051967859E+00 2.056802776E+00
 2.069356177E+00 2.090013160E+00 2.119530545E+00 2.158303526E+00 2.205793063E+00
 2.260947016E+00 2.323278560E+00 2.393781874E+00 2.476213217E+00 2.547537857E+00
 2.585032993E+00 2.609022750E+00 2.637479385E+00 2.672790898E+00 2.713314056E+00
 2.757897774E+00 2.805791140E+00 2.856500864E+00 2.909701559E+00 2.281990608E+00
 2.258907027E+00 2.235241705E+00 2.210895750E+00 2.185665184E+00 2.159072717E+00
 2.135134247E+00 2.117069403E+00 2.102975819E+00 2.089825604E+00 2.079092291E+00
 2.072129938E+00 2.070152468E+00 2.074112124E+00 2.084695127E+00 2.102415138E+00
 2.127656778E+00 2.160632531E+00 2.201387167E+00 2.249997616E+00 2.307004346E+00
 2.374144236E+00 2.455940670E+00 2.529065212E+00 2.572292142E+00 2.587375296E+00
 2.610240565E+00 2.643806802E+00 2.684221374E+00 2.729634576E+00 2.779034721E+00
 2.831819216E+00 2.887616290E+00 2.306284163E+00 2.279584355E+00 2.252820253E+00
 2.226088762E+00 2.199637440E+00 2.174030119E+00 2.150220924E+00 2.129040453E+00
 2.110715999E+00 2.095278184E+00 2.083098597E+00 2.074835247E+00 2.071237591E+00
 2.073018975E+00 2.080759234E+00 2.094908688E+00 2.115772194E+00 2.143519243E+00
 2.178198073E+00 2.219765743E+00 2.268087043E+00 2.322691070E+00 2.381390254E+00
 2.437051190E+00 2.483221557E+00 2.521104177E+00 2.558246983E+00 2.599020667E+00
 2.644027445E+00 2.693018383E+00 2.745642874E+00 2.801605966E+00 2.860696210E+00
 2.327410486E+00 2.297191699E+00 2.267232603E+00 2.237691959E+00 2.208841483E+00
 2.181077427E+00 2.154886007E+00 2.130757517E+00 2.109126912E+00 2.090409570E+00
 2.075075335E+00 2.063676993E+00 2.056861771E+00 2.055245426E+00 2.059344769E+00
 2.069538699E+00 2.086031146E+00 2.108910402E+00 2.138097286E+00 2.173301352E+00
 2.213946978E+00 2.258997387E+00 2.306776126E+00 2.355178939E+00 2.402655019E+00
 2.449149979E+00 2.495884048E+00 2.544257032E+00 2.595153729E+00 2.648962869E+00
 2.705796083E+00 2.765650246E+00 2.828495397E+00 2.344129615E+00 2.310403162E+00
 2.277005831E+00 2.244097153E+00 2.211911678E+00 2.180756993E+00 2.151001639E+00
 2.123056624E+00 2.097363631E+00 2.074397564E+00 2.054679553E+00 2.038877540E+00
 2.027661986E+00 2.021655877E+00 2.021389511E+00 2.027259085E+00 2.039492316E+00
 2.058125496E+00 2.082969851E+00 2.113645183E+00 2.149610864E+00 2.190076775E+00
 2.234094249E+00 2.280703889E+00 2.329184453E+00 2.379238049E+00 2.430968550E+00
 2.484688203E+00 2.540715933E+00 2.599280145E+00 2.660512235E+00 2.724480549E+00
 2.791228665E+00 2.355834405E+00 2.318570720E+00 2.281500869E+00 2.244774845E+00
 2.208598773E+00 2.173236609E+00 2.139009502E+00 2.106293784E+00 2.075520886E+00
 2.047182136E+00 2.021984153E+00 2.000685347E+00 1.984043121E+00 1.972770015E+00
 1.967487454E+00 1.968679243E+00 1.976651443E+00 1.991501755E+00 2.013102161E+00
 2.041101032E+00 2.074936257E+00 2.113866462E+00 2.157238457E+00 2.204366446E+00
 2.254684740E+00 2.307791630E+00 2.363460170E+00 2.421599415E+00 2.482195059E+00
 2.545262019E+00 2.610820797E+00 2.678893036E+00 2.749508142E+00 2.362467925E+00
 2.321614345E+00 2.280665742E+00 2.239756054E+00 2.199064069E+00 2.158819331E+00
 2.119307280E+00 2.080875079E+00 2.043940173E+00 2.009185897E+00 1.977437668E+00
 1.949579159E+00 1.926511394E+00 1.909103394E+00 1.898137093E+00 1.894251638E+00
 1.897893217E+00 1.909275876E+00 1.928359853E+00 1.954851972E+00 1.988229950E+00
 2.027792189E+00 2.072735098E+00 2.122194555E+00 2.175604184E+00 2.232446432E+00
 2.292325815E+00 2.354952653E+00 2.420125008E+00 2.487706343E+00 2.557608366E+00
 2.629780293E+00 2.704204241E+00 2.364382717E+00 2.319880644E+00 2.274878767E+00
 2.229482121E+00 2.183832010E+00 2.138113976E+00 2.092566729E+00 2.047493405E+00
 2.003457414E+00 1.961289962E+00 1.921947625E+00 1.886480212E+00 1.855984807E+00
 1.831547406E+00 1.814175487E+00 1.804727462E+00 1.803846161E+00 1.811904616E+00
 1.828972618E+00 1.854809152E+00 1.888884041E+00 1.930428425E+00 1.978508181E+00
 2.032108784E+00 2.090232664E+00 2.152048747E+00 2.217037439E+00 2.284785615E+00
 2.354976098E+00 2.427374972E+00 2.501816776E+00 2.578191333E+00 2.656434457E+00
 2.362221771E+00 2.314036793E+00 2.264860233E+00 2.214750926E+00 2.163794385E+00
 2.112111674E+00 2.059869581E+00 2.007401864E+00 1.955460853E+00 1.904987388E+00
 1.857094884E+00 1.813036164E+00 1.774151643E+00 1.741800666E+00 1.717277805E+00
 1.701721748E+00 1.696026259E+00 1.700763835E+00 1.716133369E+00 1.741940260E+00
 1.777613468E+00 1.822258790E+00 1.874742018E+00 1.933791955E+00 1.998112771E+00
 2.066488610E+00 2.137855185E+00 2.211688942E+00 2.287607988E+00 2.365329795E+00
 2.444652319E+00 2.525436587E+00 2.607592874E+00 2.356830067E+00 2.304991404E+00
 2.251609537E+00 2.196678109E+00 2.140204800E+00 2.082221058E+00 2.022796737E+00
 1.962456809E+00 1.902026269E+00 1.842567921E+00 1.785371383E+00 1.731921117E+00
 1.683840381E+00 1.642810318E+00 1.610467090E+00 1.588285963E+00 1.577462978E+00
 1.578809871E+00 1.592676679E+00 1.618915174E+00 1.656889955E+00 1.705537915E+00
 1.763467749E+00 1.829086701E+00 1.900737908E+00 1.976833622E+00 2.055970165E+00
 2.137019263E+00 2.219489733E+00 2.303115739E+00 2.387711472E+00 2.473152267E+00
 2.559357352E+00 2.349181785E+00 2.293824779E+00 2.236344205E+00 2.176650074E+00
 2.114647627E+00 2.050242768E+00 1.983544164E+00 1.915167650E+00 1.846005506E+00
 1.777242104E+00 1.710350050E+00 1.647061057E+00 1.589305904E+00 1.539121019E+00
 1.498524957E+00 1.469373412E+00 1.453206923E+00 1.451110866E+00 1.463607695E+00
 1.490599553E+00 1.531372216E+00 1.584662716E+00 1.648780902E+00 1.721766604E+00
 1.801561395E+00 1.886174414E+00 1.973825587E+00 2.063059145E+00 2.152816905E+00
 2.242838754E+00 2.333019548E+00 2.423299975E+00 2.513649808E+00 2.340310123E+00
 2.281715473E+00 2.220427487E+00 2.156261179E+00 2.089006291E+00 2.018428087E+00
 1.944757978E+00 1.868624939E+00 1.790978485E+00 1.713115679E+00 1.636685875E+00
 1.563666264E+00 1.496298618E+00 1.436984724E+00 1.388141473E+00 1.352025231E+00
 1.330542935E+00 1.325073467E+00 1.336326202E+00 1.364259402E+00 1.408072193E+00
 1.466285970E+00 1.536890891E+00 1.617538068E+00 1.705749181E+00 1.799118360E+00
 1.895483878E+00 1.993057701E+00 2.090511057E+00 2.187139697E+00 2.282981449E+00
 2.378096077E+00 2.472546419E+00 2.331229422E+00 2.269848824E+00 2.205259164E+00
 2.137178553E+00 2.065276994E+00 1.989236871E+00 1.909370396E+00 1.826305575E+00
 1.741034667E+00 1.654949784E+00 1.569857068E+00 1.487956630E+00 1.411778291E+00
 1.344066964E+00 1.287618041E+00 1.245072378E+00 1.218691296E+00 1.210140334E+00
 1.220315297E+00 1.249242889E+00 1.296027250E+00 1.358977225E+00 1.435773426E+00
 1.523693085E+00 1.619857801E+00 1.721470700E+00 1.826016333E+00 1.931409041E+00
 2.036085871E+00 2.139051331E+00 2.240236097E+00 2.339867089E+00 2.438133637E+00
 2.322851737E+00 2.259315570E+00 2.192155176E+00 2.120998939E+00 2.045401944E+00
 1.965071864E+00 1.880302919E+00 1.791724218E+00 1.700359583E+00 1.607674824E+00
 1.515600165E+00 1.426515725E+00 1.343186975E+00 1.268642730E+00 1.205994182E+00
 1.158204781E+00 1.127833433E+00 1.116783367E+00 1.126094686E+00 1.155962004E+00
 1.205300940E+00 1.272255739E+00 1.354251583E+00 1.448253526E+00 1.551049193E+00
 1.659517460E+00 1.770852976E+00 1.882729186E+00 1.993397421E+00 2.101727751E+00
 2.207405647E+00 2.310828474E+00 2.412315740E+00 2.315899637E+00 2.251004961E+00
 2.182217810E+00 2.109101772E+00 2.031129864E+00 1.948044486E+00 1.860120217E+00
 1.767982748E+00 1.672674312E+00 1.575707091E+00 1.479091883E+00 1.385326796E+00
 1.297333532E+00 1.218330370E+00 1.151640707E+00 1.100446728E+00 1.067512009E+00
 1.054909388E+00 1.063796679E+00 1.094281501E+00 1.145351595E+00 1.215021478E+00
 1.300535732E+00 1.398645798E+00 1.505914039E+00 1.619003177E+00 1.734916965E+00
 1.851173944E+00 1.965911057E+00 2.077925868E+00 2.186712795E+00 2.292794519E+00
 2.396590551E+00 2.310826619E+00 2.245495558E+00 2.176183197E+00 2.102421867E+00
 2.023646328E+00 1.939627449E+00 1.850632217E+00 1.757284774E+00 1.660634160E+00
 1.562209527E+00 1.464050770E+00 1.368698729E+00 1.279131134E+00 1.198633856E+00
 1.130605605E+00 1.078305350E+00 1.044567042E+00 1.031518579E+00 1.040347854E+00
 1.071157561E+00 1.122934990E+00 1.193659518E+00 1.280516863E+00 1.380185114E+00
 1.489148683E+00 1.603995456E+00 1.721663780E+00 1.839620365E+00 1.955965665E+00
 2.069476048E+00 2.179598543E+00 2.286895646E+00 2.391839981E+00 2.307759762E+00
 2.242980719E+00 2.174324301E+00 2.101328055E+00 2.023436652E+00 1.940437039E+00
 1.852603224E+00 1.760561903E+00 1.665357749E+00 1.568506095E+00 1.472021315E+00
 1.378405611E+00 1.290584154E+00 1.211777873E+00 1.145311130E+00 1.094365120E+00
 1.061699933E+00 1.049381481E+00 1.058556014E+00 1.089311639E+00 1.140654829E+00
 1.210611410E+00 1.296433462E+00 1.394877394E+00 1.502509660E+00 1.615996824E+00
 1.732347396E+00 1.849086669E+00 1.964362065E+00 2.076987055E+00 2.186476125E+00
 2.293388579E+00 2.398185677E+00 2.306476487E+00 2.243240489E+00 2.176415046E+00
 2.105576727E+00 2.030223873E+00 1.950145099E+00 1.865633567E+00 1.777320001E+00
 1.686231759E+00 1.593839195E+00 1.502077725E+00 1.413332489E+00 1.330373751E+00
 1.256233560E+00 1.194024020E+00 1.146707575E+00 1.116840270E+00 1.106322196E+00
 1.116193242E+00 1.146509899E+00 1.196327779E+00 1.263795561E+00 1.346345835E+00
 1.440951493E+00 1.544407884E+00 1.653601858E+00 1.765737428E+00 1.878501336E+00
 1.990164452E+00 2.099626435E+00 2.206611395E+00 2.311586698E+00 2.414950980E+00
 2.306422207E+00 2.245665815E+00 2.181762616E+00 2.114353392E+00 2.043022950E+00
 1.967548741E+00 1.888248218E+00 1.805752145E+00 1.721054753E+00 1.635550804E+00
 1.551049087E+00 1.469751848E+00 1.394190325E+00 1.327109483E+00 1.271303031E+00
 1.229408238E+00 1.203681191E+00 1.195781006E+00 1.206595792E+00 1.236140105E+00
 1.283544368E+00 1.347139650E+00 1.424626271E+00 1.513298445E+00 1.610292753E+00
 1.712825815E+00 1.818396714E+00 1.924938189E+00 2.030913088E+00 2.135362864E+00
 2.238273144E+00 2.339967516E+00 2.440745566E+00 2.306767702E+00 2.249333382E+00
 2.189303239E+00 2.126395517E+00 2.060299926E+00 1.990778910E+00 1.918166611E+00
 1.843083196E+00 1.766471850E+00 1.689624495E+00 1.614185797E+00 1.542127570E+00
 1.475685808E+00 1.417256289E+00 1.369250192E+00 1.333919313E+00 1.313168208E+00
 1.308376869E+00 1.320260816E+00 1.348791334E+00 1.393191602E+00 1.452011294E+00
 1.523269031E+00 1.604641464E+00 1.693672299E+00 1.787974570E+00 1.885404719E+00
 1.984197074E+00 2.083053033E+00 2.181276957E+00 2.279003859E+00 2.376401398E+00
 2.473659515E+00 2.306503561E+00 2.253123813E+00 2.197749032E+00 2.140173329E+00
 2.080189519E+00 2.017595609E+00 1.952681144E+00 1.886046092E+00 1.818567607E+00
 1.751414551E+00 1.686043567E+00 1.624170250E+00 1.567709486E+00 1.518683831E+00
 1.479101764E+00 1.450814790E+00 1.435366909E+00 1.433856328E+00 1.446828034E+00
 1.474216355E+00 1.515346752E+00 1.568999569E+00 1.633526524E+00 1.707004137E+00
 1.787403425E+00 1.872755898E+00 1.961299433E+00 2.051593171E+00 2.142604881E+00
 2.234085586E+00 2.326025115E+00 2.418472952E+00 2.511528068E+00 2.304566251E+00
 2.255872753E+00 2.205771950E+00 2.154122962E+00 2.100806475E+00 2.045729770E+00
 1.989059395E+00 1.931368139E+00 1.873455683E+00 1.816356381E+00 1.761329783E+00
 1.709830205E+00 1.663453102E+00 1.623856756E+00 1.592663262E+00 1.571345528E+00
 1.561111808E+00 1.562801917E+00 1.576809380E+00 1.603042404E+00 1.640930427E+00
 1.689477139E+00 1.747353567E+00 1.813018746E+00 1.884854012E+00 1.961295327E+00
 2.040951358E+00 2.122705380E+00 2.206030793E+00 2.290721311E+00 2.376662307E+00
 2.463816007E+00 2.552210993E+00 2.299988296E+00 2.256533119E+00 2.212184906E+00
 2.166859123E+00 2.120514181E+00 2.073159589E+00 2.024868303E+00 1.976156804E+00
 1.927736574E+00 1.880503933E+00 1.835525301E+00 1.794007076E+00 1.757248004E+00
 1.726574832E+00 1.703264078E+00 1.688455741E+00 1.683067481E+00 1.687719954E+00
 1.702682985E+00 1.727851113E+00 1.762753301E+00 1.806596531E+00 1.858338992E+00
 1.916783465E+00 1.980680704E+00 2.048830032E+00 2.120184713E+00 2.194150156E+00
 2.270366960E+00 2.348575645E+00 2.428604894E+00 2.510362440E+00 2.593827751E+00
 2.292066018E+00 2.254331801E+00 2.216087686E+00 2.177298043E+00 2.137983057E+00
 2.098222388E+00 2.058161100E+00 2.018131918E+00 1.978764494E+00 1.940827688E+00
 1.905211965E+00 1.872902115E+00 1.844937378E+00 1.822359800E+00 1.806154185E+00
 1.797184123E+00 1.796130353E+00 1.803438981E+00 1.819285989E+00 1.843563967E+00
 1.875893050E+00 1.915657269E+00 1.962061273E+00 2.014201323E+00 2.071154409E+00
 2.132020315E+00 2.196302149E+00 2.263560719E+00 2.333443986E+00 2.405681160E+00
 2.480077426E+00 2.556509733E+00 2.634923432E+00 2.280534108E+00 2.248919911E+00
 2.217005677E+00 2.184809473E+00 2.152409977E+00 2.119947778E+00 2.087629848E+00
 2.055737760E+00 2.024740934E+00 1.995292981E+00 1.968132721E+00 1.944056908E+00
 1.923888511E+00 1.908436841E+00 1.898452255E+00 1.894579901E+00 1.897316760E+00
 1.906977163E+00 1.923671272E+00 1.947299401E+00 1.977562004E+00 2.013988892E+00
 2.055994484E+00 2.102898704E+00 2.154153585E+00 2.209282849E+00 2.267856095E+00
 2.329495615E+00 2.393880897E+00 2.460750792E+00 2.529904472E+00 2.601200846E+00
 2.674559169E+00 2.265712367E+00 2.240473006E+00 2.214955330E+00 2.189244482E+00
 2.163480732E+00 2.137858258E+00 2.112627347E+00 2.088099215E+00 2.064651993E+00
 2.042767896E+00 2.023063872E+00 2.006181081E+00 1.992771400E+00 1.983462546E+00
 1.978824655E+00 1.979337706E+00 1.985362119E+00 1.997116486E+00 2.014667140E+00
 2.037935654E+00 2.066692909E+00 2.100564215E+00 2.139225880E+00 2.182308462E+00
 2.229423470E+00 2.280191289E+00 2.334254848E+00 2.391286638E+00 2.450995843E+00
 2.513133791E+00 2.577497297E+00 2.643931521E+00 2.712331639E+00 2.248560402E+00
 2.229711877E+00 2.210439867E+00 2.190914419E+00 2.171344784E+00 2.151977724E+00
 2.133096986E+00 2.115026421E+00 2.098134465E+00 2.082836840E+00 2.069588502E+00
 2.058875481E+00 2.051229212E+00 2.047143141E+00 2.047054794E+00 2.051325136E+00
 2.060218043E+00 2.073881520E+00 2.092338350E+00 2.115582042E+00 2.143498633E+00
 2.175890817E+00 2.212515725E+00 2.253094037E+00 2.297324578E+00 2.344897721E+00
 2.395506753E+00 2.448858261E+00 2.504680342E+00 2.562729306E+00 2.622795926E+00
 2.684709258E+00 2.748340050E+00 2.230593416E+00 2.217813704E+00 2.204351743E+00
 2.190483120E+00 2.176496691E+00 2.162690772E+00 2.149375147E+00 2.136876980E+00
 2.125544495E+00 2.115749174E+00 2.107882155E+00 2.102346394E+00 2.099545346E+00
 2.099859900E+00 2.103629854E+00 2.111137999E+00 2.122598277E+00 2.138147778E+00
 2.157846875E+00 2.181689792E+00 2.209602356E+00 2.241448641E+00 2.277043607E+00
 2.316162719E+00 2.358552191E+00 2.403939088E+00 2.452041864E+00 2.502579610E+00
 2.555281639E+00 2.609895839E+00 2.666196611E+00 2.723991182E+00 2.783123997E+00
 2.213699500E+00 2.206222799E+00 2.197776503E+00 2.188774718E+00 2.179589775E+00
 2.170559009E+00 2.162000179E+00 2.154228052E+00 2.147566398E+00 2.142352263E+00
 2.138933182E+00 2.137659470E+00 2.138872173E+00 2.142889155E+00 2.149991671E+00
 2.160414219E+00 2.174336195E+00 2.191877683E+00 2.213098049E+00 2.237997956E+00
 2.266520871E+00 2.298557149E+00 2.333948506E+00 2.372494883E+00 2.413960669E+00
 2.458082332E+00 2.504576736E+00 2.553150601E+00 2.603511201E+00 2.655377467E+00
 2.708491484E+00 2.762628184E+00 2.817602608E+00 2.199906561E+00 2.196331210E+00
 2.191667000E+00 2.186484019E+00 2.181198835E+00 2.176127222E+00 2.171539068E+00
 2.167699999E+00 2.164895693E+00 2.163437472E+00 2.163653586E+00 2.165874508E+00
 2.170416514E+00 2.177567482E+00 2.187576320E+00 2.200646215E+00 2.216930654E+00
 2.236531417E+00 2.259498676E+00 2.285830816E+00 2.315475914E+00 2.348332458E+00
 2.384251038E+00 2.423036522E+00 2.464449988E+00 2.508213547E+00 2.554015875E+00
 2.601521783E+00 2.650385141E+00 2.700264904E+00 2.750843551E+00 2.801844862E+00
 2.853047662E+00 2.190768878E+00 2.188790745E+00 2.186263482E+00 2.183765968E+00
 2.181569417E+00 2.179790470E+00 2.178520309E+00 2.177908341E+00 2.178193278E+00
 2.179690626E+00 2.182756689E+00 2.187748935E+00 2.194996251E+00 2.204781453E+00
 2.217335012E+00 2.232834922E+00 2.251409027E+00 2.273138073E+00 2.298057477E+00
 2.326158656E+00 2.357388390E+00 2.391647869E+00 2.428789536E+00 2.468614499E+00
 2.510869159E+00 2.555243333E+00 2.601371606E+00 2.648840507E+00 2.697203822E+00
 2.746007919E+00 2.794825130E+00 2.843289163E+00 2.891125732E+00
 9.688915345E-01 9.927481545E-01 1.022068368E+00 1.053329243E+00 1.086709393E+00
 1.122398655E+00 1.160344707E+00 1.200770405E+00 1.243896723E+00 1.289984544E+00
 1.339297904E+00 1.392142044E+00 1.448901931E+00 1.510065039E+00 1.576087568E+00
 1.647455229E+00 1.724872841E+00 1.809227400E+00 1.901339968E+00 2.002245678E+00
 2.113372856E+00 2.236426036E+00 2.373302937E+00 2.526582956E+00 2.699727350E+00
 2.897118648E+00 3.124767330E+00 3.391581138E+00 3.710923592E+00 4.105454922E+00
 4.620114909E+00 5.376505057E+00 1.049847613E+01
  104  251
 2.550128460E+00-1.448270321E+00 2.609958145E+00-1.400971346E+00 2.670807812E+00
-1.354989767E+00 2.732326110E+00-1.309905807E+00 2.794286463E+00-1.265430914E+00
 2.856533236E+00-1.221357624E+00 2.918885867E+00-1.177434100E+00 2.981217252E+00
-1.133480496E+00 3.043346458E+00-1.089241823E+00 3.104984522E+00-1.044322067E+00
 3.165860229E+00-9.983753231E-01 3.225630495E+00-9.510015249E-01 3.283849637E+00
-9.017357628E-01 3.340236929E+00-8.503848447E-01 3.394405100E+00-7.967002789E-01
 3.446073002E+00-7.406057053E-01 3.495038191E+00-6.821379529E-01 3.541107919E+00
-6.213625272E-01 3.584163666E+00-5.584164858E-01 3.624049187E+00-4.934152133E-01
 3.660665221E+00-4.265180164E-01 3.693905089E+00-3.578804566E-01 3.723677609E+00
-2.876697679E-01 3.749852737E+00-2.160401692E-01 3.772359133E+00-1.431746797E-01
 3.791086541E+00-6.924792959E-02 3.805949847E+00 5.551428741E-03 3.816894372E+00
 8.102386362E-02 3.823909760E+00 1.569623649E-01 3.826995797E+00 2.331619246E-01
 3.826164140E+00 3.094194664E-01 3.821469016E+00 3.855371475E-01 3.812966082E+00
 4.613241918E-01 3.800721751E+00 5.365974572E-01 3.784793059E+00 6.111782524E-01
 3.765252988E+00 6.848954095E-01 3.742191845E+00 7.575882607E-01 3.715680917E+00
 8.290950590E-01 3.685737557E+00 8.992337717E-01 3.652429740E+00 9.678385390E-01
 3.615776406E+00 1.034715480E+00 3.575833162E+00 1.099680834E+00 3.532643769E+00
 1.162534820E+00 3.486289846E+00 1.223092265E+00 3.436849568E+00 1.281157653E+00
 3.384470092E+00 1.336585628E+00 3.329202890E+00 1.389134553E+00 3.271229664E+00
 1.438682040E+00 3.210657146E+00 1.485014624E+00 3.147616996E+00 1.527929518E+00
 3.082286676E+00 1.567268650E+00 3.014732732E+00 1.602649993E+00 2.945069154E+00
 1.633668356E+00 2.873466571E+00 1.659895711E+00 2.800090128E+00 1.680631651E+00
 2.725196812E+00 1.694917056E+00 2.649257501E+00 1.701618367E+00 2.573065334E+00
 1.699464374E+00 2.497843107E+00 1.687236481E+00 2.425232887E+00 1.664125178E+00
 2.357012961E+00 1.630180293E+00 2.294695245E+00 1.586321420E+00 2.239137199E+00
 1.534143183E+00 2.190331750E+00 1.475581540E+00 2.147778935E+00 1.412316826E+00
 2.110689349E+00 1.345692078E+00 2.078247627E+00 1.276678324E+00 2.049739440E+00
 1.205945094E+00 2.024581220E+00 1.133949611E+00 2.002278460E+00 1.061017593E+00
 1.982563880E+00 9.873430596E-01 1.965229750E+00 9.130718443E-01 1.950102316E+00
 8.383195466E-01 1.937083496E+00 7.631711695E-01 1.926142123E+00 6.876922912E-01
 1.917275680E+00 6.119416224E-01 1.910495202E+00 5.359758470E-01 1.905816052E+00
 4.598517848E-01 1.903255052E+00 3.836270803E-01 1.902838389E+00 3.073605564E-01
 1.904579255E+00 2.311128179E-01 1.908496698E+00 1.549458851E-01 1.914597021E+00
 7.892269310E-02 1.922881007E+00 3.106354581E-03 1.933344709E+00-7.244002240E-02
 1.945950084E+00-1.476587852E-01 1.960660815E+00-2.224943207E-01 1.977459921E+00
-2.968888879E-01 1.996333255E+00-3.707845079E-01 2.017239650E+00-4.441309571E-01
 2.040118747E+00-5.168863469E-01 2.064930518E+00-5.890054504E-01 2.091658751E+00
-6.604365971E-01 2.120243973E+00-7.311451501E-01 2.150674317E+00-8.010794255E-01
 2.182919158E+00-8.701958789E-01 2.216921753E+00-9.384648071E-01 2.252680567E+00
-1.005830487E+00 2.290121529E+00-1.072276023E+00 2.329252058E+00-1.137740718E+00
 2.370026191E+00-1.202194505E+00 2.412527217E+00-1.265522520E+00 2.456817336E+00
-1.327612042E+00 2.502871354E+00-1.388405495E+00
 3.283200000E+00-1.124400000E+00 3.311900000E+00-1.083200000E+00 3.328400000E+00
-1.063100000E+00 3.352400000E+00-1.038700000E+00 3.373200000E+00-1.017200000E+00
 3.423300000E+00-9.599200000E-01 3.447300000E+00-9.322900000E-01 3.494300000E+00
-8.718600000E-01 3.516800000E+00-8.428400000E-01 3.559100000E+00-7.815500000E-01
 3.580500000E+00-7.501500000E-01 3.619300000E+00-6.867900000E-01 3.639000000E+00
-6.539000000E-01 3.673600000E+00-5.876900000E-01 3.688000000E+00-5.608800000E-01
 3.722300000E+00-4.849600000E-01 3.735000000E+00-4.576000000E-01 3.768200000E+00
-3.713700000E-01 3.775800000E+00-3.523900000E-01 3.802600000E+00-2.692000000E-01
 3.810800000E+00-2.445800000E-01 3.833300000E+00-1.579700000E-01 3.839600000E+00
-1.348100000E-01 3.856500000E+00-5.075000000E-02 3.862100000E+00-2.427000000E-02
 3.875200000E+00 6.852000000E-02 3.878400000E+00 8.885000000E-02 3.885700000E+00
 1.762500000E-01 3.887900000E+00 1.963000000E-01 3.890500000E+00 2.904500000E-01
 3.891400000E+00 3.133900000E-01 3.888600000E+00 4.075600000E-01 3.888400000E+00
 4.267400000E-01 3.880300000E+00 5.199300000E-01 3.878900000E+00 5.395800000E-01
 3.865600000E+00 6.322800000E-01 3.863500000E+00 6.497100000E-01 3.844500000E+00
 7.434700000E-01 3.840900000E+00 7.627300000E-01 3.817100000E+00 8.532500000E-01
 3.813000000E+00 8.705300000E-01 3.783700000E+00 9.612500000E-01 3.779000000E+00
 9.769900000E-01 3.744100000E+00 1.067200000E+00 3.738200000E+00 1.083400000E+00
 3.698700000E+00 1.170500000E+00 3.691800000E+00 1.186600000E+00 3.674900000E+00
 1.218800000E+00 3.667400000E+00 1.236400000E+00 3.637300000E+00 1.333900000E+00
 3.642100000E+00 1.407700000E+00 3.621400000E+00 1.426600000E+00 3.620800000E+00
 1.427100000E+00 3.594100000E+00 1.451400000E+00 3.593500000E+00 1.451900000E+00
 3.566800000E+00 1.476200000E+00 3.566200000E+00 1.476700000E+00 3.539500000E+00
 1.501000000E+00 3.538900000E+00 1.501600000E+00 3.512200000E+00 1.525800000E+00
 3.511600000E+00 1.526400000E+00 3.484900000E+00 1.550700000E+00 3.484400000E+00
 1.551200000E+00 3.457700000E+00 1.575500000E+00 3.457100000E+00 1.576000000E+00
 3.430400000E+00 1.600300000E+00 3.429800000E+00 1.600800000E+00 3.403100000E+00
 1.625100000E+00 3.402500000E+00 1.625700000E+00 3.381800000E+00 1.644500000E+00
 3.331500000E+00 1.704100000E+00 3.281800000E+00 1.738700000E+00 3.186300000E+00
 1.817500000E+00 3.136600000E+00 1.852100000E+00 3.001000000E+00 1.883400000E+00
 2.868900000E+00 1.939600000E+00 2.852500000E+00 1.945300000E+00 2.775600000E+00
 1.968000000E+00 2.757600000E+00 1.972000000E+00 2.679000000E+00 1.982900000E+00
 2.658900000E+00 1.984000000E+00 2.577900000E+00 1.982900000E+00 2.560600000E+00
 1.981100000E+00 2.480100000E+00 1.967700000E+00 2.466000000E+00 1.964200000E+00
 2.388400000E+00 1.938900000E+00 2.374200000E+00 1.933100000E+00 2.298000000E+00
 1.894700000E+00 2.287500000E+00 1.888400000E+00 2.195400000E+00 1.822800000E+00
 2.182400000E+00 1.823700000E+00 2.165700000E+00 1.790800000E+00 2.165300000E+00
 1.790100000E+00 2.149000000E+00 1.757900000E+00 2.148600000E+00 1.757200000E+00
 2.132300000E+00 1.725100000E+00 2.131900000E+00 1.724300000E+00 2.115600000E+00
 1.692200000E+00 2.115200000E+00 1.691500000E+00 2.098900000E+00 1.659300000E+00
 2.098500000E+00 1.658600000E+00 2.082200000E+00 1.626400000E+00 2.081800000E+00
 1.625700000E+00 2.068200000E+00 1.598800000E+00 2.067600000E+00 1.598200000E+00
 2.054700000E+00 1.564500000E+00 2.054400000E+00 1.563700000E+00 2.041500000E+00
 1.530000000E+00 2.041200000E+00 1.529300000E+00 2.028300000E+00 1.495600000E+00
 2.028000000E+00 1.494900000E+00 2.015100000E+00 1.461200000E+00 2.014800000E+00
 1.460400000E+00 2.001900000E+00 1.426700000E+00 2.001600000E+00 1.426000000E+00
 1.988800000E+00 1.392300000E+00 1.988500000E+00 1.391500000E+00 1.975600000E+00
 1.357800000E+00 1.975300000E+00 1.357100000E+00 1.961300000E+00 1.320600000E+00
 1.929900000E+00 1.273000000E+00 1.927000000E+00 1.261000000E+00 1.922600000E+00
 1.254000000E+00 1.942500000E+00 1.234600000E+00 1.927300000E+00 1.158300000E+00
 1.925000000E+00 1.138000000E+00 1.912400000E+00 1.060700000E+00 1.909700000E+00
 1.040000000E+00 1.898400000E+00 9.620700000E-01 1.895700000E+00 9.400900000E-01
 1.885800000E+00 8.623800000E-01 1.883000000E+00 8.406700000E-01 1.873100000E+00
 7.629600000E-01 1.870400000E+00 7.416800000E-01 1.860500000E+00 6.640800000E-01
 1.858400000E+00 6.428700000E-01 1.849900000E+00 5.654900000E-01 1.848200000E+00
 5.452300000E-01 1.841800000E+00 4.671000000E-01 1.841000000E+00 4.461600000E-01
 1.837200000E+00 3.683300000E-01 1.837000000E+00 3.473700000E-01 1.835900000E+00
 2.700200000E-01 1.836400000E+00 2.485000000E-01 1.837900000E+00 1.709900000E-01
 1.839100000E+00 1.496700000E-01 1.843100000E+00 7.136000000E-02 1.845000000E+00
 5.067000000E-02 1.851700000E+00-2.749000000E-02 1.854200000E+00-4.782000000E-02
 1.863400000E+00-1.248400000E-01 1.866600000E+00-1.455400000E-01 1.878500000E+00
-2.231300000E-01 1.882300000E+00-2.431500000E-01 1.896700000E+00-3.202500000E-01
 1.901300000E+00-3.401900000E-01 1.918200000E+00-4.168100000E-01 1.923400000E+00
-4.365500000E-01 1.942700000E+00-5.120400000E-01 1.948600000E+00-5.318500000E-01
 1.970600000E+00-6.069300000E-01 1.959700000E+00-6.265200000E-01 1.961800000E+00
-6.575600000E-01 2.009100000E+00-7.839900000E-01 2.020400000E+00-8.113000000E-01
 2.020700000E+00-8.120400000E-01 2.034500000E+00-8.453700000E-01 2.034800000E+00
-8.461200000E-01 2.048600000E+00-8.794500000E-01 2.049000000E+00-8.801900000E-01
 2.062800000E+00-9.135200000E-01 2.063100000E+00-9.142600000E-01 2.076900000E+00
-9.476000000E-01 2.077200000E+00-9.483400000E-01 2.091000000E+00-9.816700000E-01
 2.091300000E+00-9.824100000E-01 2.105100000E+00-1.015700000E+00 2.105500000E+00
-1.016700000E+00 2.119300000E+00-1.050000000E+00 2.119600000E+00-1.050700000E+00
 2.133400000E+00-1.084100000E+00 2.133700000E+00-1.084800000E+00 2.147500000E+00
-1.118100000E+00 2.147800000E+00-1.118900000E+00 2.161600000E+00-1.152200000E+00
 2.161900000E+00-1.153000000E+00 2.175700000E+00-1.186300000E+00 2.176100000E+00
-1.187000000E+00 2.189900000E+00-1.220400000E+00 2.190200000E+00-1.221100000E+00
 2.201500000E+00-1.248400000E+00 2.144600000E+00-1.274900000E+00 2.293600000E+00
-1.314800000E+00 2.293600000E+00-1.331400000E+00 2.295400000E+00-1.334400000E+00
 2.359900000E+00-1.334400000E+00 2.396200000E+00-1.373200000E+00 2.409100000E+00
-1.400300000E+00 2.412200000E+00-1.422000000E+00 2.412900000E+00-1.431500000E+00
 2.412900000E+00-1.468500000E+00 2.412200000E+00-1.476800000E+00 2.407600000E+00
-1.504400000E+00 2.398000000E+00-1.516400000E+00 2.419200000E+00-1.592200000E+00
 2.421200000E+00-1.610200000E+00 2.418800000E+00-1.642800000E+00 2.416300000E+00
-1.656100000E+00 2.405700000E+00-1.689700000E+00 2.315000000E+00-1.738700000E+00
 2.353500000E+00-1.738700000E+00 2.374300000E+00-1.735000000E+00 2.427400000E+00
-1.713500000E+00 2.446200000E+00-1.709800000E+00 2.523700000E+00-1.709800000E+00
 2.524600000E+00-1.700000000E+00 2.559100000E+00-1.655000000E+00 2.553000000E+00
-1.638000000E+00 2.573900000E+00-1.601800000E+00 2.633000000E+00-1.617100000E+00
 2.633700000E+00-1.619900000E+00 2.693800000E+00-1.635500000E+00 2.694300000E+00
-1.638200000E+00 2.754400000E+00-1.654800000E+00 2.755200000E+00-1.656600000E+00
 2.814700000E+00-1.672000000E+00 2.814700000E+00-1.707900000E+00 2.804300000E+00
-1.711600000E+00 2.857000000E+00-1.711600000E+00 2.878500000E+00-1.716000000E+00
 2.936400000E+00-1.741400000E+00 2.957300000E+00-1.745900000E+00 2.987000000E+00
-1.745900000E+00 2.897700000E+00-1.682300000E+00 2.882000000E+00-1.622800000E+00
 2.881600000E+00-1.591600000E+00 2.900500000E+00-1.510400000E+00 2.890500000E+00
-1.498400000E+00 2.887900000E+00-1.489200000E+00 2.885900000E+00-1.474000000E+00
 2.885900000E+00-1.435700000E+00 2.889500000E+00-1.417100000E+00 2.900800000E+00
-1.392800000E+00 2.913300000E+00-1.376200000E+00 2.963500000E+00-1.334800000E+00
 3.009700000E+00-1.334800000E+00 3.060000000E+00-1.297800000E+00 3.194000000E+00
-1.214000000E+00 3.202200000E+00-1.208900000E+00 3.306300000E+00-1.208900000E+00
 3.283200000E+00-1.124400000E+00
