  JET  ehtr   # 085021  62.4  62.4  seq: 0810      3  33  33
 2.400000215E+00 4.050000072E+00 2.960000000E+00 1.649999976E+00 1.250000596E-01
 2.929597139E+00 2.584488750E-01 1.151952410E+00 2.160585451E+00-2.408240652E+00
-1.948996550E+06 1.151952410E+00 0.000000000E+00 2.929597139E+00 0.000000000E+00
 2.584488750E-01 0.000000000E+00 2.160585451E+00 0.000000000E+00 0.000000000E+00
-7.413981819E+00-7.391987038E+00-7.371081066E+00-7.351243305E+00-7.332452297E+00
-7.314686584E+00-7.297923374E+00-7.282139587E+00-7.267311573E+00-7.253415012E+00
-7.240424919E+00-7.228315735E+00-7.217061996E+00-7.206637001E+00-7.197013950E+00
-7.188165760E+00-7.180064583E+00-7.172682667E+00-7.165991402E+00-7.159962463E+00
-7.154566574E+00-7.149774933E+00-7.145557880E+00-7.141885662E+00-7.138728809E+00
-7.136056900E+00-7.133840179E+00-7.132048130E+00-7.130650520E+00-7.129616547E+00
-7.128915977E+00-7.128518200E+00-7.128392315E+00
 2.308027734E+04 2.097710586E+04 1.900574492E+04 1.716192969E+04 1.544139375E+04
 1.383987246E+04 1.235310020E+04 1.097681094E+04 9.706739648E+03 8.538620508E+03
 7.468188086E+03 6.491177051E+03 5.603321582E+03 4.800356348E+03 4.078015723E+03
 3.432034229E+03 2.858146484E+03 2.352086670E+03 1.909589575E+03 1.526389453E+03
 1.198220898E+03 9.208183594E+02 6.899162964E+02 5.012492065E+02 3.505515686E+02
 2.335578522E+02 1.460025513E+02 8.362013245E+01 4.214508057E+01 1.731187344E+01
 4.854990101E+00 5.089084923E-01 8.108251169E-03
-5.302941219E+00-5.029559218E+00-4.763123514E+00-4.503633855E+00-4.251090429E+00
-4.005493111E+00-3.766841712E+00-3.535136610E+00-3.310377615E+00-3.092564792E+00
-2.881698013E+00-2.677777342E+00-2.480802936E+00-2.290774606E+00-2.107692353E+00
-1.931556270E+00-1.762366295E+00-1.600122460E+00-1.444824700E+00-1.296473096E+00
-1.155067647E+00-1.020608305E+00-8.930951030E-01-7.725280242E-01-6.589070533E-01
-5.522322373E-01-4.525035370E-01-3.597209603E-01-2.738845110E-01-1.949941930E-01
-1.230500025E-01-5.805193754E-02 0.000000000E+00
-6.886154688E+04-6.461205781E+04-6.049789687E+04-5.651906328E+04-5.267555391E+04
-4.896737344E+04-4.539451953E+04-4.195699219E+04-3.865479219E+04-3.548791719E+04
-3.245637031E+04-2.956015039E+04-2.679925586E+04-2.417368906E+04-2.168344883E+04
-1.932853555E+04-1.710894883E+04-1.502468906E+04-1.307575586E+04-1.126214922E+04
-9.583869531E+03-8.040916504E+03-6.633290430E+03-5.360991016E+03-4.224018359E+03
-3.222372461E+03-2.356053223E+03-1.625060815E+03-1.029395154E+03-5.690562500E+02
-2.440440796E+02-5.435866394E+01 0.000000000E+00
 2.313719893E+00 2.300574923E+00 2.286454725E+00 2.271218300E+00 2.254658461E+00
 2.236570978E+00 2.216717005E+00 2.194474697E+00 2.168014479E+00 2.132658577E+00
 2.080523729E+00 2.044451094E+00 2.035806990E+00 2.056259251E+00 2.083394098E+00
 2.091090059E+00 2.123409700E+00 2.181513786E+00 2.267450953E+00 2.345750093E+00
 2.414196491E+00 2.478165579E+00 2.538726187E+00 2.595596504E+00 2.648591566E+00
 2.698390722E+00 2.746236992E+00 2.793294001E+00 2.840349770E+00 2.887832355E+00
 2.935927105E+00 2.984686756E+00 3.034105301E+00 2.335806990E+00 2.319015312E+00
 2.301072741E+00 2.281891823E+00 2.261329794E+00 2.239307070E+00 2.216188955E+00
 2.194104099E+00 2.171967363E+00 2.147346067E+00 2.122275686E+00 2.103631973E+00
 2.097570801E+00 2.104674196E+00 2.120284605E+00 2.142311716E+00 2.175752449E+00
 2.223300123E+00 2.282391024E+00 2.346523952E+00 2.412206125E+00 2.478592587E+00
 2.543919611E+00 2.603027964E+00 2.652385426E+00 2.695365667E+00 2.736628199E+00
 2.778676176E+00 2.822469425E+00 2.868221331E+00 2.915868378E+00 2.965270758E+00
 3.016289997E+00 2.359000635E+00 2.338478756E+00 2.316959620E+00 2.294273710E+00
 2.270072460E+00 2.243810606E+00 2.217774153E+00 2.198443699E+00 2.183030176E+00
 2.166906071E+00 2.152563667E+00 2.142692566E+00 2.139540911E+00 2.144233370E+00
 2.156966829E+00 2.177947140E+00 2.207780457E+00 2.246782637E+00 2.294401360E+00
 2.349609375E+00 2.411950684E+00 2.482440329E+00 2.564845181E+00 2.636125612E+00
 2.673550797E+00 2.697449780E+00 2.725798607E+00 2.760984325E+00 2.801361370E+00
 2.845777416E+00 2.893480968E+00 2.943978834E+00 2.996946669E+00 2.382199812E+00
 2.358090925E+00 2.333408976E+00 2.308059311E+00 2.281854105E+00 2.254352236E+00
 2.229392099E+00 2.210068369E+00 2.194627810E+00 2.180272532E+00 2.168505859E+00
 2.160724592E+00 2.158171988E+00 2.161797333E+00 2.172245836E+00 2.189967060E+00
 2.215279436E+00 2.248345327E+00 2.289180326E+00 2.337849903E+00 2.394893456E+00
 2.462050104E+00 2.543846416E+00 2.616946316E+00 2.660116339E+00 2.675109816E+00
 2.697863293E+00 2.731295776E+00 2.771553087E+00 2.816785240E+00 2.865981007E+00
 2.918539047E+00 2.974089956E+00 2.403772879E+00 2.376288033E+00 2.348725367E+00
 2.321183157E+00 2.293908453E+00 2.267455387E+00 2.242756939E+00 2.220638800E+00
 2.201364088E+00 2.185020685E+00 2.172027969E+00 2.163078833E+00 2.158945704E+00
 2.160351944E+00 2.167863941E+00 2.181904221E+00 2.202743530E+00 2.230517912E+00
 2.265249491E+00 2.306876469E+00 2.355250788E+00 2.409893036E+00 2.468609333E+00
 2.524260044E+00 2.570388079E+00 2.608194780E+00 2.645229530E+00 2.685864449E+00
 2.730702400E+00 2.779495955E+00 2.831896544E+00 2.887611961E+00 2.946433973E+00
 2.422120190E+00 2.391356564E+00 2.360813284E+00 2.330652666E+00 2.301148081E+00
 2.272696018E+00 2.245784950E+00 2.220913649E+00 2.198535252E+00 2.179090929E+00
 2.163077784E+00 2.151075268E+00 2.143765259E+00 2.141784143E+00 2.145652056E+00
 2.155735493E+00 2.172211552E+00 2.195132828E+00 2.224398947E+00 2.259695864E+00
 2.300431490E+00 2.345555878E+00 2.393382120E+00 2.441798639E+00 2.489249897E+00
 2.535679054E+00 2.582306004E+00 2.630531693E+00 2.681243086E+00 2.734831667E+00
 2.791412640E+00 2.850987148E+00 2.913529873E+00 2.436116314E+00 2.402068853E+00
 2.368290901E+00 2.334947014E+00 2.302276230E+00 2.270590448E+00 2.240264034E+00
 2.211716270E+00 2.185401440E+00 2.161809301E+00 2.141480446E+00 2.125131512E+00
 2.113467312E+00 2.107132244E+00 2.106664896E+00 2.112457705E+00 2.124723387E+00
 2.143474531E+00 2.168489695E+00 2.199339199E+00 2.235469913E+00 2.276071930E+00
 2.320185900E+00 2.366844749E+00 2.415322065E+00 2.465317869E+00 2.516936588E+00
 2.570492601E+00 2.626308584E+00 2.684617233E+00 2.745555592E+00 2.809197807E+00
 2.875593424E+00 2.445246935E+00 2.407861710E+00 2.370595598E+00 2.333603716E+00
 2.297096491E+00 2.261342192E+00 2.226666832E+00 2.193452692E+00 2.162138510E+00
 2.133226204E+00 2.107481289E+00 2.085703945E+00 2.068681908E+00 2.057146549E+00
 2.051726818E+00 2.052903080E+00 2.060969210E+00 2.076003838E+00 2.097853661E+00
 2.126137161E+00 2.160259628E+00 2.199418211E+00 2.242956686E+00 2.290179968E+00
 2.340518761E+00 2.393571520E+00 2.449113894E+00 2.507060146E+00 2.567401934E+00
 2.630161476E+00 2.695366716E+00 2.763047123E+00 2.833240032E+00 2.449523878E+00
 2.408722019E+00 2.367739868E+00 2.326714945E+00 2.285828590E+00 2.245312691E+00
 2.205454588E+00 2.166603279E+00 2.129180145E+00 2.093933392E+00 2.061737585E+00
 2.033513594E+00 2.010186911E+00 1.992638302E+00 1.981649828E+00 1.977851534E+00
 1.981673384E+00 1.993309093E+00 2.012696266E+00 2.039518070E+00 2.073227644E+00
 2.113095856E+00 2.158289099E+00 2.207896805E+00 2.261347103E+00 2.318125868E+00
 2.377846861E+00 2.440229893E+00 2.505083370E+00 2.572281361E+00 2.641745853E+00
 2.713436270E+00 2.787344217E+00 2.449348354E+00 2.405047607E+00 2.360155344E+00
 2.314777660E+00 2.269056129E+00 2.223175144E+00 2.177371645E+00 2.131946993E+00
 2.087528658E+00 2.045008612E+00 2.005389595E+00 1.969751644E+00 1.939205956E+00
 1.914837193E+00 1.897638917E+00 1.888446474E+00 1.887875056E+00 1.896270061E+00
 1.913677025E+00 1.939836144E+00 1.974203801E+00 2.016000462E+00 2.064281845E+00
 2.118016529E+00 2.176178122E+00 2.237892056E+00 2.302657127E+00 2.370076895E+00
 2.439849854E+00 2.511757040E+00 2.585646343E+00 2.661420345E+00 2.739026117E+00
 2.445396328E+00 2.397543097E+00 2.348603821E+00 2.298636723E+00 2.247724867E+00
 2.195984650E+00 2.143573856E+00 2.090881109E+00 2.038736153E+00 1.988140035E+00
 1.940247154E+00 1.896329999E+00 1.857727218E+00 1.825776672E+00 1.801735830E+00
 1.786697149E+00 1.781506157E+00 1.786692595E+00 1.802424550E+00 1.828491569E+00
 1.864321899E+00 1.909032440E+00 1.961505055E+00 2.020481539E+00 2.084668112E+00
 2.152830553E+00 2.223855877E+00 2.297226620E+00 2.372583199E+00 2.449662685E+00
 2.528279829E+00 2.608310270E+00 2.689676714E+00 2.438531590E+00 2.387140083E+00
 2.334112978E+00 2.279441881E+00 2.223131323E+00 2.165208483E+00 2.105741215E+00
 2.045374298E+00 1.985010743E+00 1.925771618E+00 1.868980145E+00 1.816126013E+00
 1.768808794E+00 1.728659606E+00 1.697244501E+00 1.675958037E+00 1.665916729E+00
 1.667865849E+00 1.682111788E+00 1.708491564E+00 1.746384072E+00 1.794764256E+00
 1.852292800E+00 1.917430329E+00 1.988561249E+00 2.064115429E+00 2.142675304E+00
 2.223056650E+00 2.304759645E+00 2.387541580E+00 2.471235466E+00 2.555731726E+00
 2.640962029E+00 2.429734325E+00 2.374928331E+00 2.317912292E+00 2.258593369E+00
 2.196872282E+00 2.132645988E+00 2.066111040E+00 1.997991920E+00 1.929267621E+00
 1.861181712E+00 1.795232606E+00 1.733139873E+00 1.676783156E+00 1.628112364E+00
 1.589032841E+00 1.561273909E+00 1.546254230E+00 1.544959307E+00 1.557849145E+00
 1.584809947E+00 1.625159144E+00 1.677705598E+00 1.740856385E+00 1.812755346E+00
 1.891435814E+00 1.974969530E+00 2.061597776E+00 2.149838781E+00 2.238553667E+00
 2.327473640E+00 2.416511297E+00 2.505620050E+00 2.594779778E+00 2.420032310E+00
 2.362083149E+00 2.301363707E+00 2.237688208E+00 2.170845747E+00 2.100604486E+00
 2.027347422E+00 1.951817703E+00 1.875056648E+00 1.798420024E+00 1.723574018E+00
 1.652464128E+00 1.587249660E+00 1.530203319E+00 1.483577657E+00 1.449448180E+00
 1.429548264E+00 1.425115609E+00 1.436772585E+00 1.464458299E+00 1.507423306E+00
 1.564300013E+00 1.633228946E+00 1.712024784E+00 1.798359561E+00 1.889941478E+00
 1.984670877E+00 2.080760670E+00 2.176820564E+00 2.272038937E+00 2.366458941E+00
 2.460146141E+00 2.553167915E+00 2.410426712E+00 2.349774933E+00 2.285847807E+00
 2.218363285E+00 2.146990395E+00 2.071487904E+00 1.992315888E+00 1.910230803E+00
 1.826324391E+00 1.742048526E+00 1.659217691E+00 1.579980636E+00 1.506752276E+00
 1.442104125E+00 1.388613415E+00 1.348682046E+00 1.324342227E+00 1.317073131E+00
 1.327656150E+00 1.356093526E+00 1.401562023E+00 1.462523580E+00 1.536865592E+00
 1.622091913E+00 1.715536046E+00 1.814568686E+00 1.916777563E+00 2.020105553E+00
 2.122941446E+00 2.224168730E+00 2.323637629E+00 2.421573687E+00 2.518164110E+00
 2.401811457E+00 2.339075327E+00 2.272660303E+00 2.202197886E+00 2.127247095E+00
 2.047641039E+00 1.963830352E+00 1.876581097E+00 1.787022758E+00 1.696680951E+00
 1.607486725E+00 1.521750808E+00 1.442094707E+00 1.371333456E+00 1.312311172E+00
 1.267699218E+00 1.239776683E+00 1.230219674E+00 1.239929700E+00 1.269058776E+00
 1.316628242E+00 1.380972910E+00 1.459776258E+00 1.550287366E+00 1.649561667E+00
 1.754693961E+00 1.863018775E+00 1.972262239E+00 2.080639744E+00 2.186903572E+00
 2.290578461E+00 2.392047977E+00 2.491619778E+00 2.394890833E+00 2.330849791E+00
 2.262871599E+00 2.190526342E+00 2.113296223E+00 2.031080484E+00 1.944316483E+00
 1.853772593E+00 1.760599709E+00 1.666369128E+00 1.573085904E+00 1.483165097E+00
 1.399362564E+00 1.324653053E+00 1.262056947E+00 1.214425492E+00 1.184205484E+00
 1.173212624E+00 1.182447720E+00 1.211987090E+00 1.260926104E+00 1.327499628E+00
 1.409249568E+00 1.503254080E+00 1.606384516E+00 1.715554500E+00 1.827933931E+00
 1.941110611E+00 2.053193712E+00 2.162864828E+00 2.269407845E+00 2.373315477E+00
 2.474986601E+00 2.390103436E+00 2.325656176E+00 2.257188225E+00 2.184240723E+00
 2.106261301E+00 2.023190117E+00 1.935458517E+00 1.843834019E+00 1.749473906E+00
 1.653964162E+00 1.559334087E+00 1.468033743E+00 1.382864070E+00 1.306853843E+00
 1.243083024E+00 1.194463706E+00 1.163498902E+00 1.152049160E+00 1.161141443E+00
 1.190851688E+00 1.240280008E+00 1.307639098E+00 1.390428829E+00 1.485672688E+00
 1.590181494E+00 1.700808382E+00 1.814668369E+00 1.929302669E+00 2.042784595E+00
 2.153768826E+00 2.261495829E+00 2.366462994E+00 2.469121933E+00 2.387570429E+00
 2.323677063E+00 2.255865908E+00 2.183684158E+00 2.106589985E+00 2.024533081E+00
 1.937947702E+00 1.847599173E+00 1.754635811E+00 1.660626030E+00 1.567570877E+00
 1.477881145E+00 1.394307327E+00 1.319818044E+00 1.257427216E+00 1.209979486E+00
 1.179915667E+00 1.169045925E+00 1.178364825E+00 1.207939076E+00 1.256888318E+00
 1.323467278E+00 1.405234575E+00 1.499282718E+00 1.602494764E+00 1.711793852E+00
 1.824357438E+00 1.937780046E+00 2.050178289E+00 2.160244036E+00 2.267259932E+00
 2.371751308E+00 2.474155998E+00 2.387074661E+00 2.324695349E+00 2.258678865E+00
 2.188611174E+00 2.114002180E+00 2.034778976E+00 1.951385260E+00 1.864581060E+00
 1.775489593E+00 1.685629249E+00 1.596922159E+00 1.511668634E+00 1.432478499E+00
 1.362154150E+00 1.303526926E+00 1.259257126E+00 1.231616163E+00 1.222278476E+00
 1.232153082E+00 1.261282396E+00 1.308828139E+00 1.373147440E+00 1.451949692E+00
 1.542509317E+00 1.641903877E+00 1.747246194E+00 1.855885220E+00 1.965559435E+00
 2.074497652E+00 2.181470537E+00 2.285999727E+00 2.388533592E+00 2.489454317E+00
 2.388078070E+00 2.328117704E+00 2.264951706E+00 2.198228741E+00 2.127542305E+00
 2.052769470E+00 1.974365163E+00 1.893076658E+00 1.809984136E+00 1.726525593E+00
 1.644499159E+00 1.566034770E+00 1.493527341E+00 1.429527831E+00 1.376594281E+00
 1.337112498E+00 1.313104105E+00 1.306044507E+00 1.316718221E+00 1.345133662E+00
 1.390514088E+00 1.451367068E+00 1.525623965E+00 1.610828328E+00 1.704347157E+00
 1.803577495E+00 1.906127477E+00 2.009956217E+00 2.113468218E+00 2.215561485E+00
 2.316090918E+00 2.415373659E+00 2.513700438E+00 2.389775038E+00 2.333044529E+00
 2.273646975E+00 2.211307621E+00 2.145722628E+00 2.076706600E+00 2.004715109E+00
 1.930470753E+00 1.854992270E+00 1.779610538E+00 1.705964851E+00 1.635971189E+00
 1.571758914E+00 1.515571928E+00 1.469638276E+00 1.436015725E+00 1.416429830E+00
 1.412122703E+00 1.423734760E+00 1.451237607E+00 1.493930149E+00 1.550500512E+00
 1.619145322E+00 1.697730327E+00 1.783970118E+00 1.875605702E+00 1.970561576E+00
 2.067071342E+00 2.163765049E+00 2.259766579E+00 2.355207157E+00 2.450249195E+00
 2.545076513E+00 2.391180801E+00 2.338379097E+00 2.283500671E+00 2.226346922E+00
 2.166717815E+00 2.104417086E+00 2.039834595E+00 1.973657751E+00 1.906829357E+00
 1.840554452E+00 1.776290941E+00 1.715716839E+00 1.660671067E+00 1.613066983E+00
 1.574781370E+00 1.547527242E+00 1.532722378E+00 1.531369114E+00 1.543962789E+00
 1.570441651E+00 1.610188270E+00 1.662082839E+00 1.724602532E+00 1.795953274E+00
 1.874217868E+00 1.957503176E+00 2.044072390E+00 2.132451105E+00 2.221511555E+00
 2.310922289E+00 2.400683117E+00 2.490847158E+00 2.581511736E+00 2.391249561E+00
 2.342970419E+00 2.293195868E+00 2.241792774E+00 2.188646936E+00 2.133667612E+00
 2.077062368E+00 2.019480658E+00 1.961780071E+00 1.905030131E+00 1.850498748E+00
 1.799620271E+00 1.753942180E+00 1.715051603E+00 1.684483910E+00 1.663621044E+00
 1.653589034E+00 1.655166245E+00 1.668715811E+00 1.694150686E+00 1.730938983E+00
 1.778149247E+00 1.834530854E+00 1.898619437E+00 1.968855786E+00 2.043704462E+00
 2.121761131E+00 2.201848507E+00 2.283357906E+00 2.366094828E+00 2.449951887E+00
 2.534894037E+00 2.620949078E+00 2.389014530E+00 2.345767689E+00 2.301541710E+00
 2.256260872E+00 2.209889412E+00 2.162440014E+00 2.113984919E+00 2.065091038E+00
 2.016521215E+00 1.969206047E+00 1.924226785E+00 1.882784510E+00 1.846153259E+00
 1.815619063E+00 1.792407155E+00 1.777603149E+00 1.772075534E+00 1.776408553E+00
 1.790854192E+00 1.815309930E+00 1.849326611E+00 1.892146349E+00 1.942766881E+00
 2.000024414E+00 2.062685823E+00 2.129539824E+00 2.199497128E+00 2.271898127E+00
 2.346397543E+00 2.422743893E+00 2.500770617E+00 2.580386877E+00 2.661570597E+00
 2.383743572E+00 2.345965528E+00 2.307604647E+00 2.268633795E+00 2.229079008E+00
 2.189022923E+00 2.148611546E+00 2.108173704E+00 2.068382597E+00 2.030039978E+00
 1.994055915E+00 1.961420774E+00 1.933166170E+00 1.910315466E+00 1.893827701E+00
 1.884537387E+00 1.883098459E+00 1.889936566E+00 1.905216551E+00 1.928830051E+00
 1.960404611E+00 1.999335432E+00 2.044836283E+00 2.096002579E+00 2.151893044E+00
 2.211568117E+00 2.274498701E+00 2.340254354E+00 2.408488512E+00 2.478934813E+00
 2.551400089E+00 2.625760889E+00 2.701959753E+00 2.375100040E+00 2.343146610E+00
 2.310845327E+00 2.278220272E+00 2.245354176E+00 2.212389708E+00 2.179534912E+00
 2.147070980E+00 2.115458965E+00 2.085382605E+00 2.057603550E+00 2.032931089E+00
 2.012191582E+00 1.996190262E+00 1.985667539E+00 1.981255412E+00 1.983437324E+00
 1.992515445E+00 2.008590937E+00 2.031558037E+00 2.061112070E+00 2.096775007E+00
 2.137947512E+00 2.183926821E+00 2.234114408E+00 2.288044596E+00 2.345285177E+00
 2.405458498E+00 2.468244982E+00 2.533383942E+00 2.600673485E+00 2.669970608E+00
 2.741190910E+00 2.363283157E+00 2.337380791E+00 2.311186409E+00 2.284785700E+00
 2.258319902E+00 2.231984043E+00 2.206029129E+00 2.180767155E+00 2.156577873E+00
 2.133922052E+00 2.113443756E+00 2.095796490E+00 2.081641531E+00 2.071610403E+00
 2.066272402E+00 2.066102552E+00 2.071453953E+00 2.082535458E+00 2.099401522E+00
 2.121962881E+00 2.149976921E+00 2.183045483E+00 2.220808125E+00 2.262896156E+00
 2.308912134E+00 2.358471251E+00 2.411212778E+00 2.466807032E+00 2.524961090E+00
 2.585424280E+00 2.647991037E+00 2.712503576E+00 2.778853035E+00 2.349091339E+00
 2.329256821E+00 2.309018612E+00 2.288541746E+00 2.268033791E+00 2.247741318E+00
 2.227948570E+00 2.208979559E+00 2.191202164E+00 2.175031376E+00 2.160926342E+00
 2.149354362E+00 2.140862274E+00 2.135951900E+00 2.135063076E+00 2.138554811E+00
 2.146684980E+00 2.159591961E+00 2.177273369E+00 2.199710560E+00 2.226781034E+00
 2.258275461E+00 2.293936539E+00 2.333475161E+00 2.376581955E+00 2.422940969E+00
 2.472240686E+00 2.524183798E+00 2.578494835E+00 2.634927034E+00 2.693268156E+00
 2.753343964E+00 2.815021372E+00 2.333876991E+00 2.319823790E+00 2.305125713E+00
 2.290053463E+00 2.274896669E+00 2.259956503E+00 2.245545053E+00 2.231989527E+00
 2.219636965E+00 2.208855295E+00 2.200032187E+00 2.193565559E+00 2.189856672E+00
 2.189285183E+00 2.192187929E+00 2.198843479E+00 2.209459352E+00 2.224163771E+00
 2.243006372E+00 2.265970612E+00 2.292972279E+00 2.323865223E+00 2.358454800E+00
 2.396507740E+00 2.437762642E+00 2.481940365E+00 2.528753805E+00 2.577917576E+00
 2.629157114E+00 2.682217026E+00 2.736868620E+00 2.792916107E+00 2.850200939E+00
 2.319432449E+00 2.310447073E+00 2.300514221E+00 2.290059423E+00 2.279470825E+00
 2.269098330E+00 2.259266567E+00 2.250291061E+00 2.242490721E+00 2.236195183E+00
 2.231742859E+00 2.229474926E+00 2.229725075E+00 2.232804537E+00 2.238988781E+00
 2.248506403E+00 2.261530161E+00 2.278172922E+00 2.298485994E+00 2.322461843E+00
 2.350035620E+00 2.381089067E+00 2.415456104E+00 2.452928877E+00 2.493264818E+00
 2.536194229E+00 2.581428814E+00 2.628670597E+00 2.677623224E+00 2.728002882E+00
 2.779548788E+00 2.832033873E+00 2.885271263E+00 2.307847166E+00 2.302534056E+00
 2.296100044E+00 2.289176130E+00 2.282227516E+00 2.275600004E+00 2.269574022E+00
 2.264411306E+00 2.260383368E+00 2.257783651E+00 2.256922054E+00 2.258113527E+00
 2.261661625E+00 2.267844582E+00 2.276904058E+00 2.289037228E+00 2.304391813E+00
 2.323063898E+00 2.345097303E+00 2.370484066E+00 2.399165154E+00 2.431031847E+00
 2.465927553E+00 2.503650045E+00 2.543953848E+00 2.586554956E+00 2.631136942E+00
 2.677360487E+00 2.724876213E+00 2.773341036E+00 2.822435999E+00 2.871883869E+00
 2.921462917E+00 2.300973797E+00 2.296842098E+00 2.292083979E+00 2.287429380E+00
 2.283244514E+00 2.279688263E+00 2.276851368E+00 2.274855566E+00 2.273899984E+00
 2.274259901E+00 2.276257896E+00 2.280227089E+00 2.286480474E+00 2.295291328E+00
 2.306884623E+00 2.321434402E+00 2.339065504E+00 2.359854889E+00 2.383833790E+00
 2.410988379E+00 2.441259813E+00 2.474542475E+00 2.510682011E+00 2.549472427E+00
 2.590653038E+00 2.633907461E+00 2.678864861E+00 2.725107622E+00 2.772187471E+00
 2.819649887E+00 2.867067862E+00 2.914076328E+00 2.960402107E+00
 8.554987550E-01 8.753827095E-01 8.997517467E-01 9.256273746E-01 9.533381701E-01
 9.829140782E-01 1.014328218E+00 1.047788715E+00 1.083459258E+00 1.121543384E+00
 1.162245560E+00 1.205825758E+00 1.252600718E+00 1.302943587E+00 1.357177353E+00
 1.415729451E+00 1.479186606E+00 1.548195529E+00 1.623374701E+00 1.705599809E+00
 1.796002889E+00 1.895838284E+00 2.006606436E+00 2.130358744E+00 2.269769669E+00
 2.428159666E+00 2.610216475E+00 2.822784472E+00 3.076014471E+00 3.387285376E+00
 3.790864706E+00 4.379926300E+00 8.184950256E+00
  104  251
 2.555255461E+00-1.452114463E+00 2.614930201E+00-1.404513049E+00 2.675668383E+00
-1.358273649E+00 2.737086296E+00-1.312940025E+00 2.798939943E+00-1.268202472E+00
 2.861077452E+00-1.223859692E+00 2.923310328E+00-1.179650831E+00 2.985507584E+00
-1.135391784E+00 3.047505903E+00-1.090854859E+00 3.108994150E+00-1.045617175E+00
 3.169709921E+00-9.993485570E-01 3.229313755E+00-9.516583562E-01 3.287340498E+00
-9.020628929E-01 3.343526602E+00-8.503928423E-01 3.397478390E+00-7.963960052E-01
 3.448923445E+00-7.400060534E-01 3.497672892E+00-6.812711716E-01 3.543536615E+00
-6.202560663E-01 3.586403036E+00-5.570997953E-01 3.626122379E+00-4.919181347E-01
 3.662598801E+00-4.248682141E-01 3.695736599E+00-3.561066926E-01 3.725443363E+00
-2.857952237E-01 3.751596546E+00-2.140859783E-01 3.774129248E+00-1.411582887E-01
 3.792920446E+00-6.717840284E-02 3.807884598E+00 7.669379376E-03 3.818970394E+00
 8.318911642E-02 3.826171494E+00 1.591777563E-01 3.829479599E+00 2.354351938E-01
 3.828886318E+00 3.117620707E-01 3.824447632E+00 3.879623652E-01 3.816224146E+00
 4.638477623E-01 3.804271460E+00 5.392358065E-01 3.788634253E+00 6.139467120E-01
 3.769367361E+00 6.878049135E-01 3.746566868E+00 7.606502414E-01 3.720323038E+00
 8.323268890E-01 3.690623856E+00 9.026419401E-01 3.657520294E+00 9.714198112E-01
 3.621044397E+00 1.038469911E+00 3.581237555E+00 1.103597260E+00 3.538150406E+00
 1.166602445E+00 3.491851521E+00 1.227286053E+00 3.442422199E+00 1.285448480E+00
 3.390004778E+00 1.340932369E+00 3.334659100E+00 1.393495750E+00 3.276566553E+00
 1.443006158E+00 3.215821648E+00 1.489222574E+00 3.152572680E+00 1.531948256E+00
 3.086988258E+00 1.570992422E+00 3.019131565E+00 1.605934548E+00 2.949129057E+00
 1.636346507E+00 2.877170134E+00 1.661778283E+00 2.803439522E+00 1.681471467E+00
 2.728236294E+00 1.694411874E+00 2.652104425E+00 1.699457645E+00 2.575925016E+00
 1.695395374E+00 2.500985575E+00 1.681175709E+00 2.428895998E+00 1.656271100E+00
 2.361246014E+00 1.621043324E+00 2.299319553E+00 1.576506519E+00 2.243788099E+00
 1.524192405E+00 2.194568110E+00 1.465885711E+00 2.151268339E+00 1.403045893E+00
 2.113217115E+00 1.336887503E+00 2.079727411E+00 1.268301487E+00 2.050166035E+00
 1.197929430E+00 2.024011040E+00 1.126219010E+00 2.000800037E+00 1.053500962E+00
 1.980289936E+00 9.799747109E-01 1.962271976E+00 9.057977319E-01 1.946554518E+00
 8.310989618E-01 1.933039522E+00 7.559703827E-01 1.921697259E+00 6.804830909E-01
 1.912515831E+00 6.047026515E-01 1.905493331E+00 5.286916971E-01 1.900636148E+00
 4.525117457E-01 1.897951603E+00 3.762243390E-01 1.897458863E+00 2.998913288E-01
 1.899166656E+00 2.235758901E-01 1.903088617E+00 1.473421574E-01 1.909231806E+00
 7.125524879E-02 1.917594790E+00-4.619763140E-03 1.928175020E+00-8.021750301E-02
 1.940941072E+00-1.554770291E-01 1.955855703E+00-2.303404689E-01 1.972881818E+00
-3.047521234E-01 1.992015219E+00-3.786499619E-01 2.013240862E+00-4.519743085E-01
 2.036480284E+00-5.246857166E-01 2.061680698E+00-5.967408657E-01 2.088852882E+00
-6.680758357E-01 2.117944813E+00-7.386497855E-01 2.148931837E+00-8.084123492E-01
 2.181790590E+00-8.773132563E-01 2.216451550E+00-9.453253746E-01 2.252921009E+00
-1.012385154E+00 2.291107178E+00-1.078482509E+00 2.331021500E+00-1.143550849E+00
 2.372594166E+00-1.207572341E+00 2.415896416E+00-1.270436668E+00 2.460938263E+00
-1.332066321E+00 2.507606554E+00-1.392474818E+00
 3.283200000E+00-1.124400000E+00 3.311900000E+00-1.083200000E+00 3.328400000E+00
-1.063100000E+00 3.352400000E+00-1.038700000E+00 3.373200000E+00-1.017200000E+00
 3.423300000E+00-9.599200000E-01 3.447300000E+00-9.322900000E-01 3.494300000E+00
-8.718600000E-01 3.516800000E+00-8.428400000E-01 3.559100000E+00-7.815500000E-01
 3.580500000E+00-7.501500000E-01 3.619300000E+00-6.867900000E-01 3.639000000E+00
-6.539000000E-01 3.673600000E+00-5.876900000E-01 3.688000000E+00-5.608800000E-01
 3.722300000E+00-4.849600000E-01 3.735000000E+00-4.576000000E-01 3.768200000E+00
-3.713700000E-01 3.775800000E+00-3.523900000E-01 3.802600000E+00-2.692000000E-01
 3.810800000E+00-2.445800000E-01 3.833300000E+00-1.579700000E-01 3.839600000E+00
-1.348100000E-01 3.856500000E+00-5.075000000E-02 3.862100000E+00-2.427000000E-02
 3.875200000E+00 6.852000000E-02 3.878400000E+00 8.885000000E-02 3.885700000E+00
 1.762500000E-01 3.887900000E+00 1.963000000E-01 3.890500000E+00 2.904500000E-01
 3.891400000E+00 3.133900000E-01 3.888600000E+00 4.075600000E-01 3.888400000E+00
 4.267400000E-01 3.880300000E+00 5.199300000E-01 3.878900000E+00 5.395800000E-01
 3.865600000E+00 6.322800000E-01 3.863500000E+00 6.497100000E-01 3.844500000E+00
 7.434700000E-01 3.840900000E+00 7.627300000E-01 3.817100000E+00 8.532500000E-01
 3.813000000E+00 8.705300000E-01 3.783700000E+00 9.612500000E-01 3.779000000E+00
 9.769900000E-01 3.744100000E+00 1.067200000E+00 3.738200000E+00 1.083400000E+00
 3.698700000E+00 1.170500000E+00 3.691800000E+00 1.186600000E+00 3.674900000E+00
 1.218800000E+00 3.667400000E+00 1.236400000E+00 3.637300000E+00 1.333900000E+00
 3.642100000E+00 1.407700000E+00 3.621400000E+00 1.426600000E+00 3.620800000E+00
 1.427100000E+00 3.594100000E+00 1.451400000E+00 3.593500000E+00 1.451900000E+00
 3.566800000E+00 1.476200000E+00 3.566200000E+00 1.476700000E+00 3.539500000E+00
 1.501000000E+00 3.538900000E+00 1.501600000E+00 3.512200000E+00 1.525800000E+00
 3.511600000E+00 1.526400000E+00 3.484900000E+00 1.550700000E+00 3.484400000E+00
 1.551200000E+00 3.457700000E+00 1.575500000E+00 3.457100000E+00 1.576000000E+00
 3.430400000E+00 1.600300000E+00 3.429800000E+00 1.600800000E+00 3.403100000E+00
 1.625100000E+00 3.402500000E+00 1.625700000E+00 3.381800000E+00 1.644500000E+00
 3.331500000E+00 1.704100000E+00 3.281800000E+00 1.738700000E+00 3.186300000E+00
 1.817500000E+00 3.136600000E+00 1.852100000E+00 3.001000000E+00 1.883400000E+00
 2.868900000E+00 1.939600000E+00 2.852500000E+00 1.945300000E+00 2.775600000E+00
 1.968000000E+00 2.757600000E+00 1.972000000E+00 2.679000000E+00 1.982900000E+00
 2.658900000E+00 1.984000000E+00 2.577900000E+00 1.982900000E+00 2.560600000E+00
 1.981100000E+00 2.480100000E+00 1.967700000E+00 2.466000000E+00 1.964200000E+00
 2.388400000E+00 1.938900000E+00 2.374200000E+00 1.933100000E+00 2.298000000E+00
 1.894700000E+00 2.287500000E+00 1.888400000E+00 2.195400000E+00 1.822800000E+00
 2.182400000E+00 1.823700000E+00 2.165700000E+00 1.790800000E+00 2.165300000E+00
 1.790100000E+00 2.149000000E+00 1.757900000E+00 2.148600000E+00 1.757200000E+00
 2.132300000E+00 1.725100000E+00 2.131900000E+00 1.724300000E+00 2.115600000E+00
 1.692200000E+00 2.115200000E+00 1.691500000E+00 2.098900000E+00 1.659300000E+00
 2.098500000E+00 1.658600000E+00 2.082200000E+00 1.626400000E+00 2.081800000E+00
 1.625700000E+00 2.068200000E+00 1.598800000E+00 2.067600000E+00 1.598200000E+00
 2.054700000E+00 1.564500000E+00 2.054400000E+00 1.563700000E+00 2.041500000E+00
 1.530000000E+00 2.041200000E+00 1.529300000E+00 2.028300000E+00 1.495600000E+00
 2.028000000E+00 1.494900000E+00 2.015100000E+00 1.461200000E+00 2.014800000E+00
 1.460400000E+00 2.001900000E+00 1.426700000E+00 2.001600000E+00 1.426000000E+00
 1.988800000E+00 1.392300000E+00 1.988500000E+00 1.391500000E+00 1.975600000E+00
 1.357800000E+00 1.975300000E+00 1.357100000E+00 1.961300000E+00 1.320600000E+00
 1.929900000E+00 1.273000000E+00 1.927000000E+00 1.261000000E+00 1.922600000E+00
 1.254000000E+00 1.942500000E+00 1.234600000E+00 1.927300000E+00 1.158300000E+00
 1.925000000E+00 1.138000000E+00 1.912400000E+00 1.060700000E+00 1.909700000E+00
 1.040000000E+00 1.898400000E+00 9.620700000E-01 1.895700000E+00 9.400900000E-01
 1.885800000E+00 8.623800000E-01 1.883000000E+00 8.406700000E-01 1.873100000E+00
 7.629600000E-01 1.870400000E+00 7.416800000E-01 1.860500000E+00 6.640800000E-01
 1.858400000E+00 6.428700000E-01 1.849900000E+00 5.654900000E-01 1.848200000E+00
 5.452300000E-01 1.841800000E+00 4.671000000E-01 1.841000000E+00 4.461600000E-01
 1.837200000E+00 3.683300000E-01 1.837000000E+00 3.473700000E-01 1.835900000E+00
 2.700200000E-01 1.836400000E+00 2.485000000E-01 1.837900000E+00 1.709900000E-01
 1.839100000E+00 1.496700000E-01 1.843100000E+00 7.136000000E-02 1.845000000E+00
 5.067000000E-02 1.851700000E+00-2.749000000E-02 1.854200000E+00-4.782000000E-02
 1.863400000E+00-1.248400000E-01 1.866600000E+00-1.455400000E-01 1.878500000E+00
-2.231300000E-01 1.882300000E+00-2.431500000E-01 1.896700000E+00-3.202500000E-01
 1.901300000E+00-3.401900000E-01 1.918200000E+00-4.168100000E-01 1.923400000E+00
-4.365500000E-01 1.942700000E+00-5.120400000E-01 1.948600000E+00-5.318500000E-01
 1.970600000E+00-6.069300000E-01 1.959700000E+00-6.265200000E-01 1.961800000E+00
-6.575600000E-01 2.009100000E+00-7.839900000E-01 2.020400000E+00-8.113000000E-01
 2.020700000E+00-8.120400000E-01 2.034500000E+00-8.453700000E-01 2.034800000E+00
-8.461200000E-01 2.048600000E+00-8.794500000E-01 2.049000000E+00-8.801900000E-01
 2.062800000E+00-9.135200000E-01 2.063100000E+00-9.142600000E-01 2.076900000E+00
-9.476000000E-01 2.077200000E+00-9.483400000E-01 2.091000000E+00-9.816700000E-01
 2.091300000E+00-9.824100000E-01 2.105100000E+00-1.015700000E+00 2.105500000E+00
-1.016700000E+00 2.119300000E+00-1.050000000E+00 2.119600000E+00-1.050700000E+00
 2.133400000E+00-1.084100000E+00 2.133700000E+00-1.084800000E+00 2.147500000E+00
-1.118100000E+00 2.147800000E+00-1.118900000E+00 2.161600000E+00-1.152200000E+00
 2.161900000E+00-1.153000000E+00 2.175700000E+00-1.186300000E+00 2.176100000E+00
-1.187000000E+00 2.189900000E+00-1.220400000E+00 2.190200000E+00-1.221100000E+00
 2.201500000E+00-1.248400000E+00 2.144600000E+00-1.274900000E+00 2.293600000E+00
-1.314800000E+00 2.293600000E+00-1.331400000E+00 2.295400000E+00-1.334400000E+00
 2.359900000E+00-1.334400000E+00 2.396200000E+00-1.373200000E+00 2.409100000E+00
-1.400300000E+00 2.412200000E+00-1.422000000E+00 2.412900000E+00-1.431500000E+00
 2.412900000E+00-1.468500000E+00 2.412200000E+00-1.476800000E+00 2.407600000E+00
-1.504400000E+00 2.398000000E+00-1.516400000E+00 2.419200000E+00-1.592200000E+00
 2.421200000E+00-1.610200000E+00 2.418800000E+00-1.642800000E+00 2.416300000E+00
-1.656100000E+00 2.405700000E+00-1.689700000E+00 2.315000000E+00-1.738700000E+00
 2.353500000E+00-1.738700000E+00 2.374300000E+00-1.735000000E+00 2.427400000E+00
-1.713500000E+00 2.446200000E+00-1.709800000E+00 2.523700000E+00-1.709800000E+00
 2.524600000E+00-1.700000000E+00 2.559100000E+00-1.655000000E+00 2.553000000E+00
-1.638000000E+00 2.573900000E+00-1.601800000E+00 2.633000000E+00-1.617100000E+00
 2.633700000E+00-1.619900000E+00 2.693800000E+00-1.635500000E+00 2.694300000E+00
-1.638200000E+00 2.754400000E+00-1.654800000E+00 2.755200000E+00-1.656600000E+00
 2.814700000E+00-1.672000000E+00 2.814700000E+00-1.707900000E+00 2.804300000E+00
-1.711600000E+00 2.857000000E+00-1.711600000E+00 2.878500000E+00-1.716000000E+00
 2.936400000E+00-1.741400000E+00 2.957300000E+00-1.745900000E+00 2.987000000E+00
-1.745900000E+00 2.897700000E+00-1.682300000E+00 2.882000000E+00-1.622800000E+00
 2.881600000E+00-1.591600000E+00 2.900500000E+00-1.510400000E+00 2.890500000E+00
-1.498400000E+00 2.887900000E+00-1.489200000E+00 2.885900000E+00-1.474000000E+00
 2.885900000E+00-1.435700000E+00 2.889500000E+00-1.417100000E+00 2.900800000E+00
-1.392800000E+00 2.913300000E+00-1.376200000E+00 2.963500000E+00-1.334800000E+00
 3.009700000E+00-1.334800000E+00 3.060000000E+00-1.297800000E+00 3.194000000E+00
-1.214000000E+00 3.202200000E+00-1.208900000E+00 3.306300000E+00-1.208900000E+00
 3.283200000E+00-1.124400000E+00
