  JET  ehtr   # 085451  62.4  62.4  seq: 0803      3  33  33
 2.400000215E+00 4.050000072E+00 2.960000000E+00 1.649999976E+00 1.250000596E-01
 2.933638859E+00 2.623935878E-01 1.083320355E+00 1.898479724E+00-1.399786735E+00
-1.685713850E+06 1.083320355E+00 0.000000000E+00 2.933638859E+00 0.000000000E+00
 2.623935878E-01 0.000000000E+00 1.898479724E+00 0.000000000E+00 0.000000000E+00
-4.472664070E+00-4.449610329E+00-4.427508926E+00-4.406351948E+00-4.386131001E+00
-4.366836929E+00-4.348459530E+00-4.330988121E+00-4.314411163E+00-4.298716450E+00
-4.283890820E+00-4.269920731E+00-4.256791687E+00-4.244488716E+00-4.232995892E+00
-4.222296906E+00-4.212374878E+00-4.203211689E+00-4.194789791E+00-4.187089825E+00
-4.180093098E+00-4.173779583E+00-4.168128777E+00-4.163120556E+00-4.158733559E+00
-4.154946518E+00-4.151737499E+00-4.149084663E+00-4.146965408E+00-4.145357037E+00
-4.144237041E+00-4.143581867E+00-4.143368816E+00
 1.081335488E+04 9.825459766E+03 8.899641406E+03 8.033886035E+03 7.226178809E+03
 6.474505664E+03 5.776852246E+03 5.131204395E+03 4.535547754E+03 3.987867969E+03
 3.486150879E+03 3.028382129E+03 2.612547412E+03 2.236632568E+03 1.898623145E+03
 1.596504980E+03 1.328263745E+03 1.091885156E+03 8.853549927E+02 7.066588745E+02
 5.537825684E+02 4.247117737E+02 3.174322205E+02 2.299296234E+02 1.601896973E+02
 1.061981583E+02 6.594071960E+01 3.740310135E+01 1.857102051E+01 7.430191708E+00
 1.966331482E+00 1.651565684E-01 1.238349816E-02
-4.131635708E+00-3.943382075E+00-3.758943981E+00-3.578321303E+00-3.401514164E+00
-3.228522503E+00-3.059346319E+00-2.893985676E+00-2.732440447E+00-2.574710696E+00
-2.420796422E+00-2.270697656E+00-2.124414306E+00-1.981946527E+00-1.843294225E+00
-1.708457370E+00-1.577436023E+00-1.450230154E+00-1.326839762E+00-1.207264847E+00
-1.091505410E+00-9.795614819E-01-8.714330154E-01-7.671200419E-01-6.666225459E-01
-5.699405508E-01-4.770740096E-01-3.880229694E-01-3.027874105E-01-2.213673290E-01
-1.437627386E-01-6.997362767E-02 0.000000000E+00
-4.002575938E+04-3.754933984E+04-3.515199141E+04-3.283371523E+04-3.059451133E+04
-2.843437930E+04-2.635331914E+04-2.435133086E+04-2.242841445E+04-2.058456992E+04
-1.881979688E+04-1.713409687E+04-1.552746816E+04-1.399991172E+04-1.255142656E+04
-1.118201387E+04-9.891672852E+03-8.680403906E+03-7.548206738E+03-6.495081738E+03
-5.521028418E+03-4.626046973E+03-3.810137695E+03-3.073300244E+03-2.415534717E+03
-1.836841138E+03-1.337219482E+03-9.166697388E+02-5.751919434E+02-3.127860657E+02
-1.294521164E+02-2.519009342E+01 0.000000000E+00
 2.047116518E+00 2.033391714E+00 2.019222116E+00 2.004276991E+00 1.988202262E+00
 1.970689845E+00 1.951432610E+00 1.929785657E+00 1.903972769E+00 1.869466329E+00
 1.818613148E+00 1.783836150E+00 1.776542735E+00 1.798856854E+00 1.830038595E+00
 1.842748332E+00 1.873449516E+00 1.923762059E+00 1.995605278E+00 2.061325598E+00
 2.119260025E+00 2.173635769E+00 2.225251198E+00 2.273819447E+00 2.319159794E+00
 2.361836100E+00 2.402896738E+00 2.443326235E+00 2.483792400E+00 2.524659109E+00
 2.566085196E+00 2.608117485E+00 2.650753450E+00 2.067068195E+00 2.050311995E+00
 2.032737017E+00 2.014188719E+00 1.994457316E+00 1.973397446E+00 1.951275396E+00
 1.929956341E+00 1.908424234E+00 1.884500694E+00 1.860240769E+00 1.842455029E+00
 1.837262011E+00 1.845280695E+00 1.861737871E+00 1.883534956E+00 1.914134145E+00
 1.955664587E+00 2.006211329E+00 2.060763168E+00 2.116640759E+00 2.173192596E+00
 2.228921175E+00 2.279436159E+00 2.321729183E+00 2.358657551E+00 2.394172478E+00
 2.430396748E+00 2.468144369E+00 2.507597256E+00 2.548702717E+00 2.591344547E+00
 2.635408306E+00 2.086982727E+00 2.067326927E+00 2.046835041E+00 2.025338984E+00
 2.002497673E+00 1.977791262E+00 1.953256178E+00 1.934720802E+00 1.919691539E+00
 1.904064751E+00 1.890211153E+00 1.880717134E+00 1.877719212E+00 1.882185793E+00
 1.894050193E+00 1.913122845E+00 1.939603734E+00 1.973602557E+00 2.014649105E+00
 2.061961508E+00 2.115252018E+00 2.175448608E+00 2.245782471E+00 2.306708193E+00
 2.338933754E+00 2.359718227E+00 2.384321880E+00 2.414771175E+00 2.449669981E+00
 2.488041210E+00 2.529249144E+00 2.572878408E+00 2.618657160E+00 2.106558037E+00
 2.084137678E+00 2.061170197E+00 2.037578678E+00 2.013193464E+00 1.987613821E+00
 1.964295816E+00 1.946034026E+00 1.931270456E+00 1.917522073E+00 1.906191540E+00
 1.898581648E+00 1.895825577E+00 1.898735809E+00 1.907788515E+00 1.923242712E+00
 1.945242929E+00 1.973835444E+00 2.008991051E+00 2.050761986E+00 2.099623394E+00
 2.157072353E+00 2.226967764E+00 2.289508724E+00 2.326674700E+00 2.339956665E+00
 2.359864140E+00 2.388876057E+00 2.423722172E+00 2.462833977E+00 2.505356407E+00
 2.550782871E+00 2.598804474E+00 2.124713182E+00 2.099658442E+00 2.074452114E+00
 2.049197626E+00 2.024125671E+00 1.999741173E+00 1.976890111E+00 1.956324291E+00
 1.938293648E+00 1.922894216E+00 1.910521746E+00 1.901813364E+00 1.897465634E+00
 1.898112631E+00 1.904222202E+00 1.916107082E+00 1.933938837E+00 1.957777357E+00
 1.987601757E+00 2.023334551E+00 2.064837360E+00 2.111698151E+00 2.162052584E+00
 2.209839010E+00 2.249575138E+00 2.282280540E+00 2.314364338E+00 2.349539137E+00
 2.388318253E+00 2.430494547E+00 2.475775814E+00 2.523918867E+00 2.574752855E+00
 2.140215158E+00 2.112541056E+00 2.084960794E+00 2.057632923E+00 2.030811882E+00
 2.004860687E+00 1.980223155E+00 1.957352448E+00 1.936661482E+00 1.918553090E+00
 1.903480840E+00 1.891972232E+00 1.884653640E+00 1.882123566E+00 1.884845519E+00
 1.893119121E+00 1.907049561E+00 1.926626325E+00 1.951732326E+00 1.982063770E+00
 2.017094707E+00 2.055915642E+00 2.097080469E+00 2.138786936E+00 2.179707813E+00
 2.219790792E+00 2.260069609E+00 2.301733351E+00 2.345536995E+00 2.391815662E+00
 2.440671825E+00 2.492112255E+00 2.546122360E+00 2.152151203E+00 2.121790123E+00
 2.091561079E+00 2.061619139E+00 2.032183266E+00 2.003535414E+00 1.976010990E+00
 1.949984860E+00 1.925861835E+00 1.904079127E+00 1.885120225E+00 1.869651031E+00
 1.858361101E+00 1.851862216E+00 1.850649452E+00 1.855067444E+00 1.865284348E+00
 1.881277394E+00 1.902803612E+00 1.929404259E+00 1.960595202E+00 1.995657945E+00
 2.033755493E+00 2.074051142E+00 2.115917206E+00 2.159091902E+00 2.203661060E+00
 2.249891233E+00 2.298058558E+00 2.348364544E+00 2.400930929E+00 2.455827522E+00
 2.513104582E+00 2.160093260E+00 2.126951027E+00 2.093811417E+00 2.060814381E+00
 2.028146982E+00 1.996044874E+00 1.964792085E+00 1.934720445E+00 1.906210232E+00
 1.879697084E+00 1.855883503E+00 1.835560632E+00 1.819486070E+00 1.808346272E+00
 1.802716923E+00 1.803026223E+00 1.809523845E+00 1.822259092E+00 1.841068220E+00
 1.865576982E+00 1.895216608E+00 1.929202414E+00 1.966944146E+00 2.007832575E+00
 2.051371956E+00 2.097214699E+00 2.145168209E+00 2.195160723E+00 2.247189569E+00
 2.301279211E+00 2.357460642E+00 2.415766954E+00 2.476239204E+00 2.164044476E+00
 2.128024387E+00 2.091752768E+00 2.055347824E+00 2.018964291E+00 1.982797313E+00
 1.947087407E+00 1.912125278E+00 1.878260732E+00 1.846157408E+00 1.816686463E+00
 1.790734434E+00 1.769167566E+00 1.752790403E+00 1.742301750E+00 1.738252544E+00
 1.741009116E+00 1.750725675E+00 1.767329407E+00 1.790522361E+00 1.819801116E+00
 1.854491925E+00 1.893814850E+00 1.936877155E+00 1.983171391E+00 2.032254553E+00
 2.083803320E+00 2.137585545E+00 2.193446589E+00 2.251288795E+00 2.311055613E+00
 2.372722530E+00 2.436293173E+00 2.164330482E+00 2.125351048E+00 2.085773659E+00
 2.045684433E+00 2.005197430E+00 1.964459896E+00 1.923659134E+00 1.883026457E+00
 1.843076038E+00 1.804711056E+00 1.768902063E+00 1.736657834E+00 1.708985090E+00
 1.686841440E+00 1.671084857E+00 1.662422991E+00 1.661367226E+00 1.668197227E+00
 1.682939148E+00 1.705362058E+00 1.734993649E+00 1.771154261E+00 1.813009381E+00
 1.859624815E+00 1.910036325E+00 1.963374877E+00 2.019233561E+00 2.077289724E+00
 2.137301636E+00 2.199097061E+00 2.262560320E+00 2.327620935E+00 2.394245768E+00
 2.161504126E+00 2.119523191E+00 2.076531029E+00 2.032569170E+00 1.987698078E+00
 1.942003846E+00 1.895606852E+00 1.848726463E+00 1.802231050E+00 1.757108498E+00
 1.714446235E+00 1.675396395E+00 1.641131568E+00 1.612791157E+00 1.591421795E+00
 1.577915716E+00 1.572953105E+00 1.576954603E+00 1.590049791E+00 1.612065625E+00
 1.642537832E+00 1.680744219E+00 1.725755811E+00 1.776502395E+00 1.831846642E+00
 1.890650558E+00 1.951808143E+00 2.014870548E+00 2.079554653E+00 2.145657063E+00
 2.213037395E+00 2.281604481E+00 2.351305580E+00 2.156272840E+00 2.111316061E+00
 2.064892197E+00 2.016984606E+00 1.967583537E+00 1.916691041E+00 1.864327574E+00
 1.811043692E+00 1.757786655E+00 1.705648541E+00 1.655847096E+00 1.609693217E+00
 1.568543291E+00 1.533739161E+00 1.506537700E+00 1.488036752E+00 1.479103303E+00
 1.480311775E+00 1.491899943E+00 1.513748074E+00 1.545385361E+00 1.586023092E+00
 1.634611416E+00 1.689913416E+00 1.750587320E+00 1.815270734E+00 1.882658148E+00
 1.951557350E+00 2.021501064E+00 2.092309093E+00 2.163859510E+00 2.236074400E+00
 2.308907557E+00 2.149437237E+00 2.101628065E+00 2.051880741E+00 2.000109696E+00
 1.946221948E+00 1.890121841E+00 1.831855750E+00 1.772241187E+00 1.712283754E+00
 1.653169727E+00 1.596246243E+00 1.542986178E+00 1.494936514E+00 1.453650188E+00
 1.420605254E+00 1.397116399E+00 1.384247661E+00 1.382735014E+00 1.392927909E+00
 1.414758301E+00 1.447741246E+00 1.491009593E+00 1.543377399E+00 1.603425241E+00
 1.669598007E+00 1.740303850E+00 1.814006543E+00 1.889308548E+00 1.964999676E+00
 2.040824318E+00 2.116726065E+00 2.192677641E+00 2.268670559E+00 2.141832590E+00
 2.091416168E+00 2.038606501E+00 1.983241892E+00 1.925134897E+00 1.864068365E+00
 1.800347018E+00 1.734834814E+00 1.668602395E+00 1.602928233E+00 1.539283061E+00
 1.479295611E+00 1.424697542E+00 1.377248144E+00 1.338642859E+00 1.310411000E+00
 1.293812394E+00 1.289743686E+00 1.298665786E+00 1.320561433E+00 1.354928541E+00
 1.400817919E+00 1.456905079E+00 1.521587706E+00 1.593097830E+00 1.669617581E+00
 1.749386215E+00 1.830789304E+00 1.912429762E+00 1.993355608E+00 2.073605680E+00
 2.153239441E+00 2.232316399E+00 2.134266090E+00 2.081624651E+00 2.026186132E+00
 1.967717171E+00 1.905944705E+00 1.840555620E+00 1.772105074E+00 1.701475072E+00
 1.629782987E+00 1.558383274E+00 1.488853407E+00 1.422959065E+00 1.362596083E+00
 1.309709001E+00 1.266189694E+00 1.233762336E+00 1.213865209E+00 1.207542491E+00
 1.215359259E+00 1.237354445E+00 1.273001122E+00 1.321273065E+00 1.380718827E+00
 1.449569297E+00 1.525863957E+00 1.607581210E+00 1.692759538E+00 1.779599690E+00
 1.866540122E+00 1.952308083E+00 2.036612844E+00 2.119642687E+00 2.201551533E+00
 2.127452612E+00 2.073102045E+00 2.015633106E+00 1.954747200E+00 1.890089774E+00
 1.821377206E+00 1.749272513E+00 1.674674702E+00 1.598737192E+00 1.522872877E+00
 1.448741865E+00 1.378216958E+00 1.313323689E+00 1.256153917E+00 1.208756709E+00
 1.173012662E+00 1.150503135E+00 1.142388153E+00 1.149306989E+00 1.171416044E+00
 1.208098769E+00 1.258278990E+00 1.320408058E+00 1.392584944E+00 1.472695351E+00
 1.558555579E+00 1.648045254E+00 1.739218426E+00 1.830386853E+00 1.920171070E+00
 2.007825756E+00 2.093659163E+00 2.177917242E+00 2.121953106E+00 2.066531563E+00
 2.007784128E+00 1.945362687E+00 1.878850102E+00 1.808057332E+00 1.733654261E+00
 1.656552982E+00 1.577930093E+00 1.499234915E+00 1.422179461E+00 1.348704338E+00
 1.280917859E+00 1.221006632E+00 1.171121931E+00 1.133247423E+00 1.109060860E+00
 1.099805284E+00 1.106184840E+00 1.128302002E+00 1.165615726E+00 1.217005396E+00
 1.280855060E+00 1.355176830E+00 1.437757063E+00 1.526307654E+00 1.618606734E+00
 1.712616825E+00 1.806573844E+00 1.899045300E+00 1.988967752E+00 2.076721144E+00
 2.162618637E+00 2.118119192E+00 2.062358856E+00 2.003203392E+00 1.940280843E+00
 1.873145533E+00 1.801664305E+00 1.726504374E+00 1.648579073E+00 1.569070554E+00
 1.489438367E+00 1.411409998E+00 1.336947489E+00 1.268185592E+00 1.207342410E+00
 1.156603456E+00 1.117987585E+00 1.093205905E+00 1.083529258E+00 1.089680672E+00
 1.111766648E+00 1.149257159E+00 1.201026630E+00 1.265442181E+00 1.340490270E+00
 1.423925900E+00 1.513427043E+00 1.606737709E+00 1.701788878E+00 1.796787643E+00
 1.890273833E+00 1.981143713E+00 2.069724131E+00 2.156375885E+00 2.116051149E+00
 2.060734940E+00 2.002102327E+00 1.939784646E+00 1.873341513E+00 1.802643156E+00
 1.728352213E+00 1.651374102E+00 1.572878575E+00 1.494307923E+00 1.417366624E+00
 1.343988466E+00 1.276275444E+00 1.216409087E+00 1.166537142E+00 1.128641677E+00
 1.104401326E+00 1.095061541E+00 1.101329374E+00 1.123307419E+00 1.160477138E+00
 1.211735773E+00 1.275482368E+00 1.349741364E+00 1.432308793E+00 1.520903444E+00
 1.613308096E+00 1.707488298E+00 1.801681709E+00 1.894457054E+00 1.984746623E+00
 2.072918415E+00 2.159325409E+00 2.115580654E+00 2.061495495E+00 2.004315472E+00
 1.943699908E+00 1.879245782E+00 1.810774422E+00 1.738941550E+00 1.664634562E+00
 1.588992786E+00 1.513413954E+00 1.439542556E+00 1.369236374E+00 1.304507518E+00
 1.247437358E+00 1.200067759E+00 1.164277339E+00 1.141651344E+00 1.133360624E+00
 1.140063953E+00 1.161847496E+00 1.198210335E+00 1.248099589E+00 1.309991479E+00
 1.382007623E+00 1.462052298E+00 1.547955728E+00 1.637606668E+00 1.729066062E+00
 1.820651603E+00 1.910994792E+00 1.999263215E+00 2.085822535E+00 2.170985651E+00
 2.116282082E+00 2.064176941E+00 2.009321117E+00 1.951421189E+00 1.890139627E+00
 1.825213623E+00 1.757278395E+00 1.687190366E+00 1.616040516E+00 1.545156932E+00
 1.476091075E+00 1.410583735E+00 1.350508904E+00 1.297793770E+00 1.254319024E+00
 1.221805096E+00 1.201695085E+00 1.195046139E+00 1.202443099E+00 1.223945665E+00
 1.259076953E+00 1.306856918E+00 1.365876150E+00 1.434401655E+00 1.510501504E+00
 1.592175031E+00 1.677474189E+00 1.764607286E+00 1.852016950E+00 1.938426208E+00
 2.023433208E+00 2.107314348E+00 2.190318298E+00 2.117513371E+00 2.068068600E+00
 2.016304541E+00 1.961984897E+00 1.904847741E+00 1.844605875E+00 1.781778431E+00
 1.717184281E+00 1.651852870E+00 1.587022758E+00 1.524126434E+00 1.464756870E+00
 1.410614228E+00 1.363433385E+00 1.324894428E+00 1.296522832E+00 1.279587030E+00
 1.275005317E+00 1.283272481E+00 1.304416132E+00 1.337989259E+00 1.383100700E+00
 1.438481212E+00 1.502576160E+00 1.573655605E+00 1.649928546E+00 1.729651332E+00
 1.811221838E+00 1.893253207E+00 1.974640322E+00 2.055436611E+00 2.135791159E+00
 2.215867090E+00 2.118485308E+00 2.072300816E+00 2.024274874E+00 1.974227118E+00
 1.921968699E+00 1.867301822E+00 1.810497832E+00 1.752336168E+00 1.693774319E+00
 1.635946774E+00 1.580149364E+00 1.527807093E+00 1.480425525E+00 1.439525938E+00
 1.406567621E+00 1.382862854E+00 1.369490552E+00 1.367219496E+00 1.376448512E+00
 1.397172284E+00 1.428977585E+00 1.471071148E+00 1.522336769E+00 1.581414676E+00
 1.646795201E+00 1.716916275E+00 1.790256858E+00 1.865415740E+00 1.941179228E+00
 2.017071486E+00 2.093118048E+00 2.169379854E+00 2.245949888E+00 2.118351603E+00
 2.075952291E+00 2.032191706E+00 1.986945009E+00 1.940100169E+00 1.891563320E+00
 1.841368461E+00 1.790221858E+00 1.738992929E+00 1.688700986E+00 1.640495396E+00
 1.595624852E+00 1.555393052E+00 1.521102786E+00 1.493989825E+00 1.475152326E+00
 1.465480757E+00 1.465596581E+00 1.475805354E+00 1.496071887E+00 1.526019073E+00
 1.564953470E+00 1.611913157E+00 1.665734363E+00 1.725129437E+00 1.788768435E+00
 1.855355334E+00 1.923701096E+00 1.993068337E+00 2.063315678E+00 2.134368706E+00
 2.206210041E+00 2.278872061E+00 2.116320086E+00 2.078160906E+00 2.039073086E+00
 1.998980641E+00 1.957836318E+00 1.915626621E+00 1.872376060E+00 1.828514123E+00
 1.784831047E+00 1.742232251E+00 1.701722264E+00 1.664376140E+00 1.631301594E+00
 1.603591299E+00 1.582268572E+00 1.568230200E+00 1.562191343E+00 1.564637804E+00
 1.575791264E+00 1.595591497E+00 1.623698378E+00 1.659514141E+00 1.702223563E+00
 1.750848675E+00 1.804311705E+00 1.861498761E+00 1.921337223E+00 1.983074403E+00
 2.046436882E+00 2.111222935E+00 2.177301645E+00 2.244603443E+00 2.313114452E+00
 2.111781788E+00 2.078254271E+00 2.044137716E+00 2.009400845E+00 1.974054694E+00
 1.938156486E+00 1.901816821E+00 1.865206647E+00 1.828972983E+00 1.793910050E+00
 1.760882831E+00 1.730803156E+00 1.704597068E+00 1.683165359E+00 1.667339611E+00
 1.657836938E+00 1.655217624E+00 1.659849334E+00 1.671882105E+00 1.691237164E+00
 1.717610526E+00 1.750492239E+00 1.789200044E+00 1.832921433E+00 1.880769324E+00
 1.931820679E+00 1.985507131E+00 2.041468620E+00 2.099412918E+00 2.159117365E+00
 2.220421219E+00 2.283221960E+00 2.347471952E+00 2.104448700E+00 2.075868130E+00
 2.046907663E+00 2.017583132E+00 1.987958026E+00 1.958145547E+00 1.928313112E+00
 1.898691130E+00 1.869574809E+00 1.841654587E+00 1.815665030E+00 1.792371869E+00
 1.772539997E+00 1.756902599E+00 1.746125817E+00 1.740773249E+00 1.741274285E+00
 1.747897768E+00 1.760735893E+00 1.779697752E+00 1.804512715E+00 1.834744954E+00
 1.869831228E+00 1.909101176E+00 1.951888084E+00 1.997804666E+00 2.046465111E+00
 2.097536135E+00 2.150739861E+00 2.205850649E+00 2.262694359E+00 2.321147537E+00
 2.381136370E+00 2.094471836E+00 2.071034431E+00 2.047280931E+00 2.023281908E+00
 1.999153113E+00 1.975055265E+00 1.951196837E+00 1.927838373E+00 1.905301332E+00
 1.883969092E+00 1.864418459E+00 1.847292352E+00 1.833215284E+00 1.822782087E+00
 1.816522837E+00 1.814875555E+00 1.818162179E+00 1.826570177E+00 1.840142393E+00
 1.858787322E+00 1.882271242E+00 1.910200357E+00 1.942160535E+00 1.977831936E+00
 2.016845083E+00 2.058850622E+00 2.103524065E+00 2.150571585E+00 2.199733877E+00
 2.250790071E+00 2.303559351E+00 2.357902765E+00 2.413723803E+00 2.082489681E+00
 2.064207268E+00 2.045539141E+00 2.026622009E+00 2.007627058E+00 1.988759089E+00
 1.970257282E+00 1.952398443E+00 1.935500264E+00 1.919928575E+00 1.906098557E+00
 1.894443965E+00 1.885432315E+00 1.879562545E+00 1.877258492E+00 1.878858566E+00
 1.884600520E+00 1.894603276E+00 1.908843541E+00 1.927268720E+00 1.949764562E+00
 1.976127195E+00 2.006103373E+00 2.039420938E+00 2.075792599E+00 2.114930153E+00
 2.156552029E+00 2.200391150E+00 2.246201849E+00 2.293764973E+00 2.342892218E+00
 2.393429279E+00 2.445258045E+00 2.069573879E+00 2.056205320E+00 2.042284155E+00
 2.028026295E+00 2.013664722E+00 1.999446583E+00 1.985634780E+00 1.972511196E+00
 1.960380244E+00 1.949569440E+00 1.940427971E+00 1.933317280E+00 1.928601670E+00
 1.926633024E+00 1.927724576E+00 1.932133198E+00 1.940046525E+00 1.951575780E+00
 1.966755795E+00 1.985559082E+00 2.007899570E+00 2.033635139E+00 2.062579727E+00
 2.094515944E+00 2.129203176E+00 2.166387224E+00 2.205808830E+00 2.247212172E+00
 2.290352058E+00 2.335001326E+00 2.380957270E+00 2.428046656E+00 2.476129246E+00
 2.057102728E+00 2.048083496E+00 2.038302946E+00 2.028079891E+00 2.017713499E+00
 2.007486200E+00 1.997672462E+00 1.988549328E+00 1.980403399E+00 1.973533463E+00
 1.968247366E+00 1.964854789E+00 1.963657808E+00 1.964938784E+00 1.968947148E+00
 1.975888157E+00 1.985915470E+00 1.999125934E+00 2.015559626E+00 2.035202312E+00
 2.057989073E+00 2.083807373E+00 2.112502289E+00 2.143882799E+00 2.177728462E+00
 2.213796043E+00 2.251827002E+00 2.291555882E+00 2.332719040E+00 2.375064945E+00
 2.418363285E+00 2.462413836E+00 2.507052422E+00 2.046612644E+00 2.040920401E+00
 2.034343338E+00 2.027323294E+00 2.020205069E+00 2.013269567E+00 2.006767559E+00
 2.000947762E+00 1.996072245E+00 1.992418981E+00 1.990275478E+00 1.989927649E+00
 1.991647029E+00 1.995680046E+00 2.002238941E+00 2.011495733E+00 2.023577785E+00
 2.038566303E+00 2.056495523E+00 2.077353573E+00 2.101083183E+00 2.127583742E+00
 2.156712198E+00 2.188286209E+00 2.222086000E+00 2.257858372E+00 2.295322371E+00
 2.334177494E+00 2.374114990E+00 2.414832211E+00 2.456048155E+00 2.497519398E+00
 2.539052057E+00 2.039419365E+00 2.035361481E+00 2.030712223E+00 2.025954485E+00
 2.021360016E+00 2.017091513E+00 2.013290358E+00 2.010133028E+00 2.007852602E+00
 2.006729078E+00 2.007064342E+00 2.009154320E+00 2.013268995E+00 2.019640160E+00
 2.028456688E+00 2.039863968E+00 2.053965330E+00 2.070823479E+00 2.090461636E+00
 2.112864161E+00 2.137976599E+00 2.165703487E+00 2.195907402E+00 2.228405428E+00
 2.262967300E+00 2.299314404E+00 2.337120295E+00 2.376017666E+00 2.415611839E+00
 2.455503082E+00 2.495315742E+00 2.534729385E+00 2.573505688E+00
 6.869648218E-01 7.001314163E-01 7.159186363E-01 7.327096939E-01 7.507748246E-01
 7.699854970E-01 7.903996348E-01 8.121321440E-01 8.352614164E-01 8.599130630E-01
 8.862274766E-01 9.143704057E-01 9.445291162E-01 9.768891215E-01 1.011674452E+00
 1.049168944E+00 1.089709234E+00 1.133625674E+00 1.181334591E+00 1.233389473E+00
 1.290429807E+00 1.353147650E+00 1.422496367E+00 1.499732876E+00 1.586343241E+00
 1.684322166E+00 1.796517086E+00 1.926863885E+00 2.081374884E+00 2.270481014E+00
 2.514829588E+00 2.871416473E+00 5.215471268E+00
  104  251
 2.564046192E+00-1.446399426E+00 2.624199867E+00-1.400094438E+00 2.685235500E+00
-1.354956174E+00 2.746778393E+00-1.310511160E+00 2.808614779E+00-1.266475320E+00
 2.870624113E+00-1.222683096E+00 2.932602930E+00-1.178847790E+00 2.994439030E+00
-1.134811378E+00 3.056015587E+00-1.090413213E+00 3.116977596E+00-1.045175862E+00
 3.177099800E+00-9.988287091E-01 3.236048126E+00-9.509999394E-01 3.293349171E+00
-9.012109756E-01 3.348791122E+00-8.493610024E-01 3.401968527E+00-7.951931596E-01
 3.452639627E+00-7.386735797E-01 3.500648785E+00-6.798773050E-01 3.545813417E+00
-6.188683033E-01 3.588044071E+00-5.557935715E-01 3.627200937E+00-4.907656252E-01
 3.663200712E+00-4.239384949E-01 3.695970201E+00-3.554690599E-01 3.725424623E+00
-2.855100989E-01 3.751445723E+00-2.142026782E-01 3.773985052E+00-1.417196244E-01
 3.792907238E+00-6.820966750E-02 3.808124495E+00 6.155549828E-03 3.819592333E+00
 8.119058013E-02 3.827316523E+00 1.567029059E-01 3.831281233E+00 2.325056225E-01
 3.831452465E+00 3.084116757E-01 3.827869511E+00 3.842335999E-01 3.820591068E+00
 4.597905695E-01 3.809674931E+00 5.349083424E-01 3.795151615E+00 6.094127893E-01
 3.777039003E+00 6.831268668E-01 3.755416489E+00 7.558891892E-01 3.730404615E+00
 8.275571108E-01 3.701967192E+00 8.979355812E-01 3.670105124E+00 9.668312430E-01
 3.634878969E+00 1.034068823E+00 3.596293831E+00 1.099436283E+00 3.554404593E+00
 1.162737179E+00 3.509251976E+00 1.223752475E+00 3.460895872E+00 1.282261610E+00
 3.409465027E+00 1.338086629E+00 3.355022478E+00 1.390978909E+00 3.297766495E+00
 1.440811324E+00 3.237738848E+00 1.487266088E+00 3.175116253E+00 1.530159187E+00
 3.110067463E+00 1.569272637E+00 3.042643785E+00 1.604128242E+00 2.972985506E+00
 1.634267259E+00 2.901312590E+00 1.659231806E+00 2.827847576E+00 1.678264976E+00
 2.752925491E+00 1.690303421E+00 2.677153015E+00 1.694223404E+00 2.601476145E+00
 1.688905549E+00 2.527206802E+00 1.673479414E+00 2.455872726E+00 1.647692156E+00
 2.388902855E+00 1.612070227E+00 2.327445221E+00 1.567597628E+00 2.272061014E+00
 1.515739083E+00 2.222682381E+00 1.458119965E+00 2.179004622E+00 1.396057630E+00
 2.140383291E+00 1.330721068E+00 2.106304455E+00 1.262899542E+00 2.076146793E+00
 1.193242097E+00 2.049490070E+00 1.122169399E+00 2.025952816E+00 1.050001812E+00
 2.005158567E+00 9.769954443E-01 1.986900687E+00 9.033134460E-01 1.971073580E+00
 8.290709496E-01 1.957538533E+00 7.543761849E-01 1.946182299E+00 6.793190598E-01
 1.936965370E+00 6.039692760E-01 1.929884315E+00 5.283888340E-01 1.924949574E+00
 4.526379943E-01 1.922161889E+00 3.767777860E-01 1.921529293E+00 3.008690238E-01
 1.923051643E+00 2.249729007E-01 1.926736450E+00 1.491509914E-01 1.932586098E+00
 7.346534878E-02 1.940585113E+00-2.023455757E-03 1.950710368E+00-7.725662291E-02
 1.962929845E+00-1.521781743E-01 1.977242875E+00-2.267280579E-01 1.993674803E+00
-3.008396208E-01 2.012199831E+00-3.744560719E-01 2.032728529E+00-4.475392342E-01
 2.055252409E+00-5.200321913E-01 2.079806185E+00-5.918629885E-01 2.106303596E+00
-6.630000710E-01 2.134678793E+00-7.334090233E-01 2.164987135E+00-8.030076623E-01
 2.197172546E+00-8.717584968E-01 2.231200171E+00-9.396164417E-01 2.267044830E+00
-1.006532454E+00 2.304627037E+00-1.072488356E+00 2.343933344E+00-1.137431550E+00
 2.384879208E+00-1.201353765E+00 2.427494144E+00-1.264175439E+00 2.471755886E+00
-1.325847888E+00 2.517491961E+00-1.386436152E+00
 3.283200000E+00-1.124400000E+00 3.311900000E+00-1.083200000E+00 3.328400000E+00
-1.063100000E+00 3.352400000E+00-1.038700000E+00 3.373200000E+00-1.017200000E+00
 3.423300000E+00-9.599200000E-01 3.447300000E+00-9.322900000E-01 3.494300000E+00
-8.718600000E-01 3.516800000E+00-8.428400000E-01 3.559100000E+00-7.815500000E-01
 3.580500000E+00-7.501500000E-01 3.619300000E+00-6.867900000E-01 3.639000000E+00
-6.539000000E-01 3.673600000E+00-5.876900000E-01 3.688000000E+00-5.608800000E-01
 3.722300000E+00-4.849600000E-01 3.735000000E+00-4.576000000E-01 3.768200000E+00
-3.713700000E-01 3.775800000E+00-3.523900000E-01 3.802600000E+00-2.692000000E-01
 3.810800000E+00-2.445800000E-01 3.833300000E+00-1.579700000E-01 3.839600000E+00
-1.348100000E-01 3.856500000E+00-5.075000000E-02 3.862100000E+00-2.427000000E-02
 3.875200000E+00 6.852000000E-02 3.878400000E+00 8.885000000E-02 3.885700000E+00
 1.762500000E-01 3.887900000E+00 1.963000000E-01 3.890500000E+00 2.904500000E-01
 3.891400000E+00 3.133900000E-01 3.888600000E+00 4.075600000E-01 3.888400000E+00
 4.267400000E-01 3.880300000E+00 5.199300000E-01 3.878900000E+00 5.395800000E-01
 3.865600000E+00 6.322800000E-01 3.863500000E+00 6.497100000E-01 3.844500000E+00
 7.434700000E-01 3.840900000E+00 7.627300000E-01 3.817100000E+00 8.532500000E-01
 3.813000000E+00 8.705300000E-01 3.783700000E+00 9.612500000E-01 3.779000000E+00
 9.769900000E-01 3.744100000E+00 1.067200000E+00 3.738200000E+00 1.083400000E+00
 3.698700000E+00 1.170500000E+00 3.691800000E+00 1.186600000E+00 3.674900000E+00
 1.218800000E+00 3.667400000E+00 1.236400000E+00 3.637300000E+00 1.333900000E+00
 3.642100000E+00 1.407700000E+00 3.621400000E+00 1.426600000E+00 3.620800000E+00
 1.427100000E+00 3.594100000E+00 1.451400000E+00 3.593500000E+00 1.451900000E+00
 3.566800000E+00 1.476200000E+00 3.566200000E+00 1.476700000E+00 3.539500000E+00
 1.501000000E+00 3.538900000E+00 1.501600000E+00 3.512200000E+00 1.525800000E+00
 3.511600000E+00 1.526400000E+00 3.484900000E+00 1.550700000E+00 3.484400000E+00
 1.551200000E+00 3.457700000E+00 1.575500000E+00 3.457100000E+00 1.576000000E+00
 3.430400000E+00 1.600300000E+00 3.429800000E+00 1.600800000E+00 3.403100000E+00
 1.625100000E+00 3.402500000E+00 1.625700000E+00 3.381800000E+00 1.644500000E+00
 3.331500000E+00 1.704100000E+00 3.281800000E+00 1.738700000E+00 3.186300000E+00
 1.817500000E+00 3.136600000E+00 1.852100000E+00 3.001000000E+00 1.883400000E+00
 2.868900000E+00 1.939600000E+00 2.852500000E+00 1.945300000E+00 2.775600000E+00
 1.968000000E+00 2.757600000E+00 1.972000000E+00 2.679000000E+00 1.982900000E+00
 2.658900000E+00 1.984000000E+00 2.577900000E+00 1.982900000E+00 2.560600000E+00
 1.981100000E+00 2.480100000E+00 1.967700000E+00 2.466000000E+00 1.964200000E+00
 2.388400000E+00 1.938900000E+00 2.374200000E+00 1.933100000E+00 2.298000000E+00
 1.894700000E+00 2.287500000E+00 1.888400000E+00 2.195400000E+00 1.822800000E+00
 2.182400000E+00 1.823700000E+00 2.165700000E+00 1.790800000E+00 2.165300000E+00
 1.790100000E+00 2.149000000E+00 1.757900000E+00 2.148600000E+00 1.757200000E+00
 2.132300000E+00 1.725100000E+00 2.131900000E+00 1.724300000E+00 2.115600000E+00
 1.692200000E+00 2.115200000E+00 1.691500000E+00 2.098900000E+00 1.659300000E+00
 2.098500000E+00 1.658600000E+00 2.082200000E+00 1.626400000E+00 2.081800000E+00
 1.625700000E+00 2.068200000E+00 1.598800000E+00 2.067600000E+00 1.598200000E+00
 2.054700000E+00 1.564500000E+00 2.054400000E+00 1.563700000E+00 2.041500000E+00
 1.530000000E+00 2.041200000E+00 1.529300000E+00 2.028300000E+00 1.495600000E+00
 2.028000000E+00 1.494900000E+00 2.015100000E+00 1.461200000E+00 2.014800000E+00
 1.460400000E+00 2.001900000E+00 1.426700000E+00 2.001600000E+00 1.426000000E+00
 1.988800000E+00 1.392300000E+00 1.988500000E+00 1.391500000E+00 1.975600000E+00
 1.357800000E+00 1.975300000E+00 1.357100000E+00 1.961300000E+00 1.320600000E+00
 1.929900000E+00 1.273000000E+00 1.927000000E+00 1.261000000E+00 1.922600000E+00
 1.254000000E+00 1.942500000E+00 1.234600000E+00 1.927300000E+00 1.158300000E+00
 1.925000000E+00 1.138000000E+00 1.912400000E+00 1.060700000E+00 1.909700000E+00
 1.040000000E+00 1.898400000E+00 9.620700000E-01 1.895700000E+00 9.400900000E-01
 1.885800000E+00 8.623800000E-01 1.883000000E+00 8.406700000E-01 1.873100000E+00
 7.629600000E-01 1.870400000E+00 7.416800000E-01 1.860500000E+00 6.640800000E-01
 1.858400000E+00 6.428700000E-01 1.849900000E+00 5.654900000E-01 1.848200000E+00
 5.452300000E-01 1.841800000E+00 4.671000000E-01 1.841000000E+00 4.461600000E-01
 1.837200000E+00 3.683300000E-01 1.837000000E+00 3.473700000E-01 1.835900000E+00
 2.700200000E-01 1.836400000E+00 2.485000000E-01 1.837900000E+00 1.709900000E-01
 1.839100000E+00 1.496700000E-01 1.843100000E+00 7.136000000E-02 1.845000000E+00
 5.067000000E-02 1.851700000E+00-2.749000000E-02 1.854200000E+00-4.782000000E-02
 1.863400000E+00-1.248400000E-01 1.866600000E+00-1.455400000E-01 1.878500000E+00
-2.231300000E-01 1.882300000E+00-2.431500000E-01 1.896700000E+00-3.202500000E-01
 1.901300000E+00-3.401900000E-01 1.918200000E+00-4.168100000E-01 1.923400000E+00
-4.365500000E-01 1.942700000E+00-5.120400000E-01 1.948600000E+00-5.318500000E-01
 1.970600000E+00-6.069300000E-01 1.959700000E+00-6.265200000E-01 1.961800000E+00
-6.575600000E-01 2.009100000E+00-7.839900000E-01 2.020400000E+00-8.113000000E-01
 2.020700000E+00-8.120400000E-01 2.034500000E+00-8.453700000E-01 2.034800000E+00
-8.461200000E-01 2.048600000E+00-8.794500000E-01 2.049000000E+00-8.801900000E-01
 2.062800000E+00-9.135200000E-01 2.063100000E+00-9.142600000E-01 2.076900000E+00
-9.476000000E-01 2.077200000E+00-9.483400000E-01 2.091000000E+00-9.816700000E-01
 2.091300000E+00-9.824100000E-01 2.105100000E+00-1.015700000E+00 2.105500000E+00
-1.016700000E+00 2.119300000E+00-1.050000000E+00 2.119600000E+00-1.050700000E+00
 2.133400000E+00-1.084100000E+00 2.133700000E+00-1.084800000E+00 2.147500000E+00
-1.118100000E+00 2.147800000E+00-1.118900000E+00 2.161600000E+00-1.152200000E+00
 2.161900000E+00-1.153000000E+00 2.175700000E+00-1.186300000E+00 2.176100000E+00
-1.187000000E+00 2.189900000E+00-1.220400000E+00 2.190200000E+00-1.221100000E+00
 2.201500000E+00-1.248400000E+00 2.144600000E+00-1.274900000E+00 2.293600000E+00
-1.314800000E+00 2.293600000E+00-1.331400000E+00 2.295400000E+00-1.334400000E+00
 2.359900000E+00-1.334400000E+00 2.396200000E+00-1.373200000E+00 2.409100000E+00
-1.400300000E+00 2.412200000E+00-1.422000000E+00 2.412900000E+00-1.431500000E+00
 2.412900000E+00-1.468500000E+00 2.412200000E+00-1.476800000E+00 2.407600000E+00
-1.504400000E+00 2.398000000E+00-1.516400000E+00 2.419200000E+00-1.592200000E+00
 2.421200000E+00-1.610200000E+00 2.418800000E+00-1.642800000E+00 2.416300000E+00
-1.656100000E+00 2.405700000E+00-1.689700000E+00 2.315000000E+00-1.738700000E+00
 2.353500000E+00-1.738700000E+00 2.374300000E+00-1.735000000E+00 2.427400000E+00
-1.713500000E+00 2.446200000E+00-1.709800000E+00 2.523700000E+00-1.709800000E+00
 2.524600000E+00-1.700000000E+00 2.559100000E+00-1.655000000E+00 2.553000000E+00
-1.638000000E+00 2.573900000E+00-1.601800000E+00 2.633000000E+00-1.617100000E+00
 2.633700000E+00-1.619900000E+00 2.693800000E+00-1.635500000E+00 2.694300000E+00
-1.638200000E+00 2.754400000E+00-1.654800000E+00 2.755200000E+00-1.656600000E+00
 2.814700000E+00-1.672000000E+00 2.814700000E+00-1.707900000E+00 2.804300000E+00
-1.711600000E+00 2.857000000E+00-1.711600000E+00 2.878500000E+00-1.716000000E+00
 2.936400000E+00-1.741400000E+00 2.957300000E+00-1.745900000E+00 2.987000000E+00
-1.745900000E+00 2.897700000E+00-1.682300000E+00 2.882000000E+00-1.622800000E+00
 2.881600000E+00-1.591600000E+00 2.900500000E+00-1.510400000E+00 2.890500000E+00
-1.498400000E+00 2.887900000E+00-1.489200000E+00 2.885900000E+00-1.474000000E+00
 2.885900000E+00-1.435700000E+00 2.889500000E+00-1.417100000E+00 2.900800000E+00
-1.392800000E+00 2.913300000E+00-1.376200000E+00 2.963500000E+00-1.334800000E+00
 3.009700000E+00-1.334800000E+00 3.060000000E+00-1.297800000E+00 3.194000000E+00
-1.214000000E+00 3.202200000E+00-1.208900000E+00 3.306300000E+00-1.208900000E+00
 3.283200000E+00-1.124400000E+00
