  JET  ehtr   # 085453  62.4  62.4  seq: 0797      3  33  33
 2.400000215E+00 4.050000072E+00 2.960000000E+00 1.649999976E+00 1.250000596E-01
 2.936394835E+00 2.597632647E-01 1.143024230E+00 1.712478971E+00-9.974493265E-01
-1.184612825E+06 1.143024230E+00 0.000000000E+00 2.936394835E+00 0.000000000E+00
 2.597632647E-01 0.000000000E+00 1.712478971E+00 0.000000000E+00 0.000000000E+00
-3.172817612E+00-3.157442045E+00-3.142699337E+00-3.128584099E+00-3.115090609E+00
-3.102212667E+00-3.089943361E+00-3.078275681E+00-3.067201805E+00-3.056713629E+00
-3.046802568E+00-3.037459612E+00-3.028675270E+00-3.020439720E+00-3.012742519E+00
-3.005573034E+00-2.998920250E+00-2.992772627E+00-2.987118387E+00-2.981945324E+00
-2.977241039E+00-2.972992706E+00-2.969187307E+00-2.965811491E+00-2.962851715E+00
-2.960294008E+00-2.958124590E+00-2.956328964E+00-2.954892874E+00-2.953801727E+00
-2.953040743E+00-2.952595186E+00-2.952449989E+00
 6.912356250E+03 6.332999805E+03 5.786705371E+03 5.272510449E+03 4.789453906E+03
 4.336572754E+03 3.912905518E+03 3.517490039E+03 3.149364307E+03 2.807566211E+03
 2.491133936E+03 2.199105273E+03 1.930518188E+03 1.684410742E+03 1.459820874E+03
 1.255786597E+03 1.071345825E+03 9.055365479E+02 7.573967773E+02 6.259644409E+02
 5.102775024E+02 4.093739929E+02 3.222918396E+02 2.480690399E+02 1.857435486E+02
 1.343533600E+02 9.293643341E+01 6.053074722E+01 3.617427444E+01 1.890499039E+01
 7.760866928E+00 1.779879022E+00 0.000000000E+00
-2.797973645E+00-2.671693701E+00-2.547919764E+00-2.426651863E+00-2.307889938E+00
-2.191634049E+00-2.077884198E+00-1.966640353E+00-1.857902483E+00-1.751670681E+00
-1.647944886E+00-1.546725127E+00-1.448011407E+00-1.351803629E+00-1.258101904E+00
-1.166906201E+00-1.078216504E+00-9.920328443E-01-9.083552063E-01-8.271835742E-01
-7.485179638E-01-6.723583437E-01-5.987047767E-01-5.275572078E-01-4.589156763E-01
-3.927801507E-01-3.291506468E-01-2.680271606E-01-2.094096922E-01-1.532982435E-01
-9.969280866E-02-4.859339546E-02 0.000000000E+00
-3.350356563E+04-3.161864844E+04-2.978779063E+04-2.801099336E+04-2.628825586E+04
-2.461957852E+04-2.300496172E+04-2.144440391E+04-1.993790742E+04-1.848547070E+04
-1.708709336E+04-1.574277656E+04-1.445251973E+04-1.321632305E+04-1.203418633E+04
-1.090610996E+04-9.832093555E+03-8.812136914E+03-7.846240820E+03-6.934404492E+03
-6.076628418E+03-5.272912305E+03-4.523256250E+03-3.827660303E+03-3.186124365E+03
-2.598648633E+03-2.065232886E+03-1.585877222E+03-1.160581641E+03-7.893461182E+02
-4.721706787E+02-2.090552979E+02 0.000000000E+00
 1.814458466E+00 1.804887652E+00 1.795158076E+00 1.784994054E+00 1.774110627E+00
 1.762271547E+00 1.749262071E+00 1.734650612E+00 1.717231798E+00 1.693932319E+00
 1.659570765E+00 1.635973573E+00 1.630780244E+00 1.645312452E+00 1.665286303E+00
 1.672670889E+00 1.693674922E+00 1.729275942E+00 1.780788946E+00 1.827855468E+00
 1.869229364E+00 1.908007288E+00 1.944781637E+00 1.979355049E+00 2.011602068E+00
 2.041929102E+00 2.071089125E+00 2.099789381E+00 2.128510427E+00 2.157515049E+00
 2.186919498E+00 2.216759443E+00 2.247034979E+00 1.828879142E+00 1.817151308E+00
 1.804934239E+00 1.792104530E+00 1.778498673E+00 1.764005828E+00 1.748826122E+00
 1.734345293E+00 1.719836688E+00 1.703694677E+00 1.687285328E+00 1.675192523E+00
 1.671531224E+00 1.676713610E+00 1.687573314E+00 1.702273464E+00 1.723494911E+00
 1.752797341E+00 1.788746500E+00 1.827636456E+00 1.867480946E+00 1.907795715E+00
 1.947505665E+00 1.983466458E+00 2.013524389E+00 2.039727354E+00 2.064907026E+00
 2.090585470E+00 2.117347240E+00 2.145324278E+00 2.174480629E+00 2.204734707E+00
 2.236005974E+00 1.842996240E+00 1.829240632E+00 1.814937901E+00 1.799961519E+00
 1.784055424E+00 1.766831040E+00 1.749777412E+00 1.737167168E+00 1.727140403E+00
 1.716624832E+00 1.707266092E+00 1.700837874E+00 1.698808718E+00 1.701871848E+00
 1.710050011E+00 1.723312759E+00 1.741891813E+00 1.765910888E+00 1.795037317E+00
 1.828691888E+00 1.866646123E+00 1.909548831E+00 1.959706020E+00 2.003113222E+00
 2.025949574E+00 2.040577793E+00 2.057929420E+00 2.079456854E+00 2.104161024E+00
 2.131343603E+00 2.160550404E+00 2.191484976E+00 2.223954248E+00 1.856755829E+00
 1.841074395E+00 1.825024462E+00 1.808547568E+00 1.791513705E+00 1.773619270E+00
 1.757391930E+00 1.744866776E+00 1.734868789E+00 1.725531411E+00 1.717834735E+00
 1.712684059E+00 1.710873294E+00 1.712986517E+00 1.719387984E+00 1.730299282E+00
 1.745860124E+00 1.766129804E+00 1.791100216E+00 1.820810962E+00 1.855598998E+00
 1.896531844E+00 1.946369481E+00 1.990925717E+00 2.017290783E+00 2.026532316E+00
 2.040504885E+00 2.060984850E+00 2.085630655E+00 2.113320017E+00 2.143441296E+00
 2.175632954E+00 2.209674883E+00 1.869478750E+00 1.851961732E+00 1.834344101E+00
 1.816699433E+00 1.799191642E+00 1.782182431E+00 1.766280174E+00 1.752019501E+00
 1.739560938E+00 1.728947377E+00 1.720440078E+00 1.714479208E+00 1.711555862E+00
 1.712126589E+00 1.716532946E+00 1.725011325E+00 1.737699819E+00 1.754654384E+00
 1.775869584E+00 1.801295328E+00 1.830834699E+00 1.864192915E+00 1.900034380E+00
 1.934016728E+00 1.962212968E+00 1.985353732E+00 2.008030796E+00 2.032904339E+00
 2.060343218E+00 2.090200090E+00 2.122267008E+00 2.156370831E+00 2.192390442E+00
 1.880336332E+00 1.860988379E+00 1.841707063E+00 1.822605729E+00 1.803865504E+00
 1.785743952E+00 1.768555117E+00 1.752616906E+00 1.738214517E+00 1.725623918E+00
 1.715157604E+00 1.707184458E+00 1.702155519E+00 1.700495863E+00 1.702538443E+00
 1.708501983E+00 1.718466878E+00 1.732430124E+00 1.750313973E+00 1.771904826E+00
 1.796829486E+00 1.824438953E+00 1.853699207E+00 1.883320475E+00 1.912353492E+00
 1.940762210E+00 1.969288349E+00 1.998785305E+00 2.029795122E+00 2.062559319E+00
 2.097152662E+00 2.133581161E+00 2.171835804E+00 1.888704777E+00 1.867471504E+00
 1.846327877E+00 1.825384140E+00 1.804794931E+00 1.784758687E+00 1.765510917E+00
 1.747313547E+00 1.730448747E+00 1.715220785E+00 1.701968050E+00 1.691173625E+00
 1.683324695E+00 1.678855228E+00 1.678118300E+00 1.681361341E+00 1.688707304E+00
 1.700142527E+00 1.715495205E+00 1.734436560E+00 1.756624103E+00 1.781545639E+00
 1.808604550E+00 1.837204289E+00 1.866897607E+00 1.897499228E+00 1.929072738E+00
 1.961811018E+00 1.995913792E+00 2.031527090E+00 2.068739653E+00 2.107602930E+00
 2.148154116E+00 1.894292116E+00 1.871102238E+00 1.847908616E+00 1.824809599E+00
 1.801936102E+00 1.779452729E+00 1.757557845E+00 1.736482787E+00 1.716492224E+00
 1.697890925E+00 1.681191039E+00 1.666951346E+00 1.655707622E+00 1.647945976E+00
 1.644075322E+00 1.644400907E+00 1.649102211E+00 1.658216858E+00 1.671630812E+00
 1.689079380E+00 1.710157371E+00 1.734301186E+00 1.761092424E+00 1.790097475E+00
 1.820964718E+00 1.853448534E+00 1.887413549E+00 1.922811079E+00 1.959641337E+00
 1.997924018E+00 2.037683010E+00 2.078943634E+00 2.121736717E+00 1.897104716E+00
 1.871888375E+00 1.846488070E+00 1.820985842E+00 1.795488763E+00 1.770132065E+00
 1.745082283E+00 1.720540738E+00 1.696750641E+00 1.674197602E+00 1.653497028E+00
 1.635274982E+00 1.620142961E+00 1.608669329E+00 1.601348495E+00 1.598571539E+00
 1.600600147E+00 1.607546782E+00 1.619363761E+00 1.635843730E+00 1.656632614E+00
 1.681253576E+00 1.709150743E+00 1.739681959E+00 1.772487926E+00 1.807254362E+00
 1.843753481E+00 1.881822181E+00 1.921352339E+00 1.962276149E+00 2.004555321E+00
 2.048173904E+00 2.093135738E+00 1.897372675E+00 1.870073366E+00 1.842346025E+00
 1.814249206E+00 1.785860538E+00 1.757280517E+00 1.728636813E+00 1.700088358E+00
 1.672014070E+00 1.645052338E+00 1.619887781E+00 1.597230911E+00 1.577790260E+00
 1.562240005E+00 1.551184869E+00 1.545125127E+00 1.544424343E+00 1.549284410E+00
 1.559730029E+00 1.575605059E+00 1.596582437E+00 1.622186947E+00 1.651830840E+00
 1.684851456E+00 1.720558238E+00 1.758322835E+00 1.797857857E+00 1.838935852E+00
 1.881386518E+00 1.925089002E+00 1.969962406E+00 2.015958023E+00 2.063053322E+00
 1.895483661E+00 1.866074681E+00 1.835947680E+00 1.805129480E+00 1.773659253E+00
 1.741593075E+00 1.709009695E+00 1.676078606E+00 1.643414855E+00 1.611715221E+00
 1.581744409E+00 1.554311085E+00 1.530237556E+00 1.510322666E+00 1.495301151E+00
 1.485800934E+00 1.482303596E+00 1.485111022E+00 1.494323087E+00 1.509828687E+00
 1.531312203E+00 1.558275223E+00 1.590070629E+00 1.625946474E+00 1.665097046E+00
 1.706707811E+00 1.749975991E+00 1.794578385E+00 1.840315199E+00 1.887043071E+00
 1.934663367E+00 1.983112550E+00 2.032353878E+00 1.891931820E+00 1.860435748E+00
 1.827903104E+00 1.794319701E+00 1.759675384E+00 1.723967862E+00 1.687207818E+00
 1.649801302E+00 1.612416148E+00 1.575819540E+00 1.540864968E+00 1.508468986E+00
 1.479578948E+00 1.455131578E+00 1.436005402E+00 1.422969699E+00 1.416635513E+00
 1.417413068E+00 1.425480318E+00 1.440768242E+00 1.462962747E+00 1.491526246E+00
 1.525734711E+00 1.564726973E+00 1.607560205E+00 1.653267670E+00 1.700912285E+00
 1.749624419E+00 1.799060154E+00 1.849092746E+00 1.899636292E+00 1.950636339E+00
 2.002060843E+00 1.887275171E+00 1.853783655E+00 1.818927526E+00 1.782644248E+00
 1.744865346E+00 1.705519056E+00 1.664650989E+00 1.622841716E+00 1.580799985E+00
 1.539357567E+00 1.499455452E+00 1.462119842E+00 1.428426862E+00 1.399456263E+00
 1.376236486E+00 1.359684896E+00 1.350548172E+00 1.349349022E+00 1.356346011E+00
 1.371510291E+00 1.394524741E+00 1.424804807E+00 1.461539960E+00 1.503749681E+00
 1.550349283E+00 1.600217462E+00 1.652259183E+00 1.705464745E+00 1.758942437E+00
 1.812496948E+00 1.866089535E+00 1.919701529E+00 1.973327136E+00 1.882094169E+00
 1.846783924E+00 1.809793425E+00 1.771007752E+00 1.730293417E+00 1.687495160E+00
 1.642843604E+00 1.596950293E+00 1.550567889E+00 1.504590440E+00 1.460042191E+00
 1.418054008E+00 1.379825950E+00 1.346576452E+00 1.319480562E+00 1.299600935E+00
 1.287817883E+00 1.284765506E+00 1.290781593E+00 1.305877066E+00 1.329729223E+00
 1.361704659E+00 1.400905037E+00 1.446230984E+00 1.496457219E+00 1.550310516E+00
 1.606543612E+00 1.663997102E+00 1.721650887E+00 1.778783655E+00 1.835421014E+00
 1.891604805E+00 1.947377062E+00 1.876947832E+00 1.840089917E+00 1.801273012E+00
 1.760333157E+00 1.717078638E+00 1.671289968E+00 1.623373437E+00 1.573952842E+00
 1.523812199E+00 1.473896646E+00 1.425301647E+00 1.379249477E+00 1.337049699E+00
 1.300044346E+00 1.269539928E+00 1.246730113E+00 1.232616282E+00 1.227934003E+00
 1.233094525E+00 1.248150635E+00 1.272769356E+00 1.306271601E+00 1.347679138E+00
 1.395784950E+00 1.449237156E+00 1.506626654E+00 1.566570330E+00 1.627781963E+00
 1.689126158E+00 1.749655390E+00 1.809129262E+00 1.867681932E+00 1.925422597E+00
 1.872329044E+00 1.834285808E+00 1.794062972E+00 1.751451921E+00 1.706204748E+00
 1.658131003E+00 1.607706022E+00 1.555565953E+00 1.502519417E+00 1.449550390E+00
 1.397809339E+00 1.348589468E+00 1.303286076E+00 1.263338780E+00 1.230158424E+00
 1.205043030E+00 1.189090371E+00 1.183115220E+00 1.187581825E+00 1.202623510E+00
 1.227854133E+00 1.262565660E+00 1.305719471E+00 1.356024170E+00 1.412027764E+00
 1.472213793E+00 1.535092521E+00 1.599277925E+00 1.663547397E+00 1.726879501E+00
 1.788687587E+00 1.849188828E+00 1.908556390E+00 1.868621993E+00 1.829839230E+00
 1.788735986E+00 1.745070386E+00 1.698552346E+00 1.649058318E+00 1.597068095E+00
 1.543226337E+00 1.488357139E+00 1.433468437E+00 1.379744530E+00 1.328522968E+00
 1.281253099E+00 1.239436579E+00 1.204551268E+00 1.177963281E+00 1.160834503E+00
 1.154035878E+00 1.158076453E+00 1.173059034E+00 1.198648429E+00 1.234110761E+00
 1.278366280E+00 1.330069017E+00 1.387702966E+00 1.449683547E+00 1.514453602E+00
 1.580565500E+00 1.646744633E+00 1.711932635E+00 1.775310898E+00 1.837136984E+00
 1.897631216E+00 1.866063881E+00 1.827050900E+00 1.785672927E+00 1.741672373E+00
 1.694740081E+00 1.644790816E+00 1.592302108E+00 1.537919307E+00 1.482469535E+00
 1.426966763E+00 1.372604704E+00 1.320734000E+00 1.272820425E+00 1.230385113E+00
 1.194927597E+00 1.167836356E+00 1.150294852E+00 1.143192506E+00 1.147051311E+00
 1.161977601E+00 1.187645340E+00 1.223319411E+00 1.267910981E+00 1.320059133E+00
 1.378229022E+00 1.440814877E+00 1.506237888E+00 1.573029780E+00 1.639896441E+00
 1.705759859E+00 1.769776964E+00 1.832157373E+00 1.893155146E+00 1.864716387E+00
 1.826016355E+00 1.785009623E+00 1.741441035E+00 1.695005560E+00 1.645618391E+00
 1.593753362E+00 1.540049744E+00 1.485325336E+00 1.430581641E+00 1.376995897E+00
 1.325898576E+00 1.278732276E+00 1.236992478E+00 1.202152157E+00 1.175574136E+00
 1.158418989E+00 1.151558089E+00 1.155502009E+00 1.170353913E+00 1.195795107E+00
 1.231105828E+00 1.275219154E+00 1.326800346E+00 1.384343195E+00 1.446270895E+00
 1.511032128E+00 1.577183557E+00 1.643453407E+00 1.708784604E+00 1.772360539E+00
 1.834423637E+00 1.895221734E+00 1.864453673E+00 1.826612115E+00 1.786621213E+00
 1.744244957E+00 1.699204135E+00 1.651376987E+00 1.601231670E+00 1.549394131E+00
 1.496660614E+00 1.444001436E+00 1.392552519E+00 1.343592334E+00 1.298502302E+00
 1.258709860E+00 1.225616193E+00 1.200513673E+00 1.184499049E+00 1.178392220E+00
 1.182669497E+00 1.197420931E+00 1.222337532E+00 1.256731176E+00 1.299585199E+00
 1.349629426E+00 1.405430388E+00 1.465486932E+00 1.528320932E+00 1.592555499E+00
 1.656975555E+00 1.720569873E+00 1.782689500E+00 1.843588948E+00 1.903486109E+00
 1.864970016E+00 1.828507066E+00 1.790137100E+00 1.749656439E+00 1.706830645E+00
 1.661476183E+00 1.614045453E+00 1.565141916E+00 1.515527797E+00 1.466125369E+00
 1.418006921E+00 1.372371602E+00 1.330507421E+00 1.293737745E+00 1.263354969E+00
 1.240544415E+00 1.226306009E+00 1.221381450E+00 1.226194572E+00 1.240814471E+00
 1.264944577E+00 1.297942257E+00 1.338864541E+00 1.386536956E+00 1.439635134E+00
 1.496772289E+00 1.556581664E+00 1.617788315E+00 1.679264402E+00 1.740062594E+00
 1.799861073E+00 1.858852386E+00 1.917209220E+00 1.865808702E+00 1.831198716E+00
 1.794984937E+00 1.757001877E+00 1.717066431E+00 1.674977446E+00 1.631101966E+00
 1.586016631E+00 1.540440726E+00 1.495234942E+00 1.451390696E+00 1.410006881E+00
 1.372254181E+00 1.339326310E+00 1.312380362E+00 1.292469645E+00 1.280475163E+00
 1.277042818E+00 1.282532549E+00 1.296987653E+00 1.320127058E+00 1.351363182E+00
 1.389843297E+00 1.434509897E+00 1.484173083E+00 1.537587404E+00 1.593525505E+00
 1.650843596E+00 1.708533525E+00 1.765771985E+00 1.822586012E+00 1.879077411E+00
 1.935358310E+00 1.866409230E+00 1.834074402E+00 1.800471091E+00 1.765471673E+00
 1.728942299E+00 1.690742970E+00 1.651063943E+00 1.610453701E+00 1.569581437E+00
 1.529236484E+00 1.490317011E+00 1.453808212E+00 1.420749187E+00 1.392189431E+00
 1.369136858E+00 1.352500057E+00 1.343030763E+00 1.341271091E+00 1.347512770E+00
 1.361772180E+00 1.383785820E+00 1.413026810E+00 1.448740959E+00 1.489998603E+00
 1.535756540E+00 1.584923410E+00 1.636423826E+00 1.689252281E+00 1.742521906E+00
 1.795878744E+00 1.849337268E+00 1.902937555E+00 1.956742167E+00 1.866171145E+00
 1.836485410E+00 1.805868340E+00 1.774229479E+00 1.741487265E+00 1.707572603E+00
 1.672507238E+00 1.636787438E+00 1.601021290E+00 1.565918994E+00 1.532278967E+00
 1.500966549E+00 1.472884226E+00 1.448933482E+00 1.429970503E+00 1.416758180E+00
 1.409918928E+00 1.409892464E+00 1.416903520E+00 1.430943298E+00 1.451767564E+00
 1.478911495E+00 1.511720514E+00 1.549393773E+00 1.591036057E+00 1.635712767E+00
 1.682501674E+00 1.730544591E+00 1.779306531E+00 1.828685093E+00 1.878624725E+00
 1.929110503E+00 1.980162525E+00 1.864532256E+00 1.837825990E+00 1.810491729E+00
 1.782471442E+00 1.753727746E+00 1.724246955E+00 1.694041872E+00 1.663413811E+00
 1.632916451E+00 1.603181767E+00 1.574909282E+00 1.548846245E+00 1.525761819E+00
 1.506414723E+00 1.491516232E+00 1.481691527E+00 1.477442026E+00 1.479112506E+00
 1.486866784E+00 1.500674701E+00 1.520311713E+00 1.545372891E+00 1.575298691E+00
 1.609411001E+00 1.646954656E+00 1.687140441E+00 1.729199886E+00 1.772596908E+00
 1.817136931E+00 1.862675261E+00 1.909117174E+00 1.956411362E+00 2.004545975E+00
 1.861061621E+00 1.837626433E+00 1.813799334E+00 1.789552498E+00 1.764888525E+00
 1.739843178E+00 1.714490008E+00 1.688944721E+00 1.663663840E+00 1.639203048E+00
 1.616166401E+00 1.595189619E+00 1.576917815E+00 1.561978602E+00 1.550951910E+00
 1.544339252E+00 1.542534351E+00 1.545798659E+00 1.554243565E+00 1.567821860E+00
 1.586328983E+00 1.609415269E+00 1.636607647E+00 1.667337060E+00 1.700977564E+00
 1.736867905E+00 1.774613786E+00 1.813959932E+00 1.854698396E+00 1.896670556E+00
 1.939761353E+00 1.983896852E+00 2.029041958E+00 1.855560470E+00 1.835639930E+00
 1.815468454E+00 1.795050192E+00 1.774424362E+00 1.753666806E+00 1.732892299E+00
 1.712260079E+00 1.691977358E+00 1.672529912E+00 1.654432607E+00 1.638221169E+00
 1.624430346E+00 1.613572311E+00 1.606113029E+00 1.602447534E+00 1.602877760E+00
 1.607594943E+00 1.616667342E+00 1.630035734E+00 1.647514033E+00 1.668798566E+00
 1.693495250E+00 1.721127272E+00 1.751231933E+00 1.783536100E+00 1.817767930E+00
 1.853691864E+00 1.891111135E+00 1.929865694E+00 1.969831729E+00 2.010920954E+00
 2.053080320E+00 1.848151565E+00 1.831911755E+00 1.815452266E+00 1.798815632E+00
 1.782079554E+00 1.765355897E+00 1.748791337E+00 1.732569623E+00 1.716917539E+00
 1.702103806E+00 1.688536859E+00 1.676667643E+00 1.666933537E+00 1.659751296E+00
 1.655492091E+00 1.654462981E+00 1.656890082E+00 1.662905478E+00 1.672540236E+00
 1.685732818E+00 1.702318692E+00 1.722015905E+00 1.744544268E+00 1.769678330E+00
 1.797158432E+00 1.826738453E+00 1.858189631E+00 1.891304636E+00 1.925900102E+00
 1.961819744E+00 1.998935556E+00 2.037148809E+00 2.076390839E+00 1.839327979E+00
 1.826809287E+00 1.813994145E+00 1.800974870E+00 1.787873912E+00 1.774840140E+00
 1.762047529E+00 1.749695683E+00 1.738011861E+00 1.727255797E+00 1.717720675E+00
 1.709711266E+00 1.703555369E+00 1.699602699E+00 1.698149800E+00 1.699433351E+00
 1.703618932E+00 1.710787940E+00 1.720919228E+00 1.733986950E+00 1.749909472E+00
 1.768543148E+00 1.789711022E+00 1.813222051E+00 1.838874269E+00 1.866464758E+00
 1.895795012E+00 1.926676464E+00 1.958935618E+00 1.992417645E+00 2.026989317E+00
 2.062541580E+00 2.098990965E+00 1.829941416E+00 1.821001410E+00 1.811594653E+00
 1.801882553E+00 1.792044878E+00 1.782272696E+00 1.772765875E+00 1.763733816E+00
 1.755397725E+00 1.747991300E+00 1.741761112E+00 1.736960196E+00 1.733842874E+00
 1.732654166E+00 1.733612156E+00 1.736895418E+00 1.742634463E+00 1.750906324E+00
 1.761735249E+00 1.775103164E+00 1.790950084E+00 1.809176373E+00 1.829651403E+00
 1.852222443E+00 1.876720119E+00 1.902965093E+00 1.930774522E+00 1.959967494E+00
 1.990370822E+00 2.021823883E+00 2.054183626E+00 2.087327671E+00 2.121157360E+00
 1.821163011E+00 1.815395713E+00 1.808925605E+00 1.802021885E+00 1.794940853E+00
 1.787919259E+00 1.781177759E+00 1.774928188E+00 1.769380069E+00 1.764745092E+00
 1.761237240E+00 1.759069896E+00 1.758450508E+00 1.759573245E+00 1.762609935E+00
 1.767702413E+00 1.774957061E+00 1.784441257E+00 1.796182919E+00 1.810172629E+00
 1.826365042E+00 1.844681311E+00 1.865012574E+00 1.887224293E+00 1.911160851E+00
 1.936650372E+00 1.963509941E+00 1.991551661E+00 2.020588970E+00 2.050443554E+00
 2.080952978E+00 2.111975813E+00 2.143396807E+00 1.814456820E+00 1.811009932E+00
 1.806656194E+00 1.801826692E+00 1.796858978E+00 1.792015457E+00 1.787509966E+00
 1.783533144E+00 1.780269599E+00 1.777906609E+00 1.776634336E+00 1.776641679E+00
 1.778109384E+00 1.781203079E+00 1.786067104E+00 1.792819571E+00 1.801549125E+00
 1.812312746E+00 1.825135207E+00 1.840008879E+00 1.856894374E+00 1.875721240E+00
 1.896389127E+00 1.918769145E+00 1.942705917E+00 1.968019867E+00 1.994511724E+00
 2.021968079E+00 2.050169849E+00 2.078902054E+00 2.107965899E+00 2.137189531E+00
 2.166436768E+00 1.811353993E+00 1.808589911E+00 1.805072951E+00 1.801371765E+00
 1.797823811E+00 1.794621277E+00 1.791889548E+00 1.789744592E+00 1.788323212E+00
 1.787789130E+00 1.788323188E+00 1.790108609E+00 1.793317986E+00 1.798104239E+00
 1.804595590E+00 1.812893248E+00 1.823071051E+00 1.835175300E+00 1.849224734E+00
 1.865210700E+00 1.883096313E+00 1.902815628E+00 1.924271965E+00 1.947336054E+00
 1.971844554E+00 1.997599173E+00 2.024367428E+00 2.051887703E+00 2.079878712E+00
 2.108056068E+00 2.136152935E+00 2.163942337E+00 2.191256905E+00
 7.031929731E-01 7.168537974E-01 7.330239773E-01 7.502296329E-01 7.687239170E-01
 7.883662820E-01 8.092252731E-01 8.314144969E-01 8.550138474E-01 8.801489830E-01
 9.069645405E-01 9.356283069E-01 9.663273931E-01 9.992463589E-01 1.034616160E+00
 1.072724628E+00 1.113908577E+00 1.158500099E+00 1.206925368E+00 1.259746861E+00
 1.317604995E+00 1.381203008E+00 1.451514006E+00 1.529813600E+00 1.617602873E+00
 1.716917896E+00 1.830658364E+00 1.962824821E+00 2.119566441E+00 2.311547136E+00
 2.559912252E+00 2.923056936E+00 5.426239300E+00
  104  251
 2.560722065E+00-1.451132035E+00 2.620672512E+00-1.404443145E+00 2.681561136E+00
-1.358982253E+00 2.742994785E+00-1.314259744E+00 2.804747343E+00-1.269978476E+00
 2.866705418E+00-1.225984979E+00 2.928664207E+00-1.181992531E+00 2.990501308E+00
-1.137829256E+00 3.052116442E+00-1.093357182E+00 3.113154030E+00-1.048096561E+00
 3.173377132E+00-1.001758289E+00 3.232473993E+00-9.539943337E-01 3.289951229E+00
-9.042949200E-01 3.345596981E+00-8.525538921E-01 3.399010515E+00-7.985139847E-01
 3.449927425E+00-7.421153307E-01 3.498203802E+00-6.834416986E-01 3.543639851E+00
-6.225415945E-01 3.586154938E+00-5.595682979E-01 3.625597334E+00-4.946260035E-01
 3.661887598E+00-4.278714061E-01 3.694944048E+00-3.594573855E-01 3.724686432E+00
-2.895393848E-01 3.750991583E+00-2.182568341E-01 3.773812628E+00-1.457839340E-01
 3.793003225E+00-7.226667404E-02 3.808471537E+00 2.122724243E-03 3.820172739E+00
 7.719702274E-02 3.828109789E+00 1.527620941E-01 3.832262754E+00 2.286292285E-01
 3.832592964E+00 3.046091199E-01 3.829133558E+00 3.805112243E-01 3.821944618E+00
 4.561514735E-01 3.811090946E+00 5.313534617E-01 3.796604824E+00 6.059409618E-01
 3.778499794E+00 6.797334552E-01 3.756851006E+00 7.525655389E-01 3.731790447E+00
 8.242953539E-01 3.703287172E+00 8.947274089E-01 3.671337080E+00 9.636643410E-01
 3.636006403E+00 1.030931163E+00 3.597304964E+00 1.096316314E+00 3.555287123E+00
 1.159621263E+00 3.510002232E+00 1.220631194E+00 3.461507463E+00 1.279122281E+00
 3.409947443E+00 1.334929490E+00 3.355376959E+00 1.387796807E+00 3.297999763E+00
 1.437603545E+00 3.237868595E+00 1.484046340E+00 3.175147533E+00 1.526927614E+00
 3.110023737E+00 1.566061258E+00 3.042548037E+00 1.600979042E+00 2.972849035E+00
 1.631211734E+00 2.901148224E+00 1.656323981E+00 2.827669907E+00 1.675604105E+00
 2.752727509E+00 1.687985992E+00 2.676903439E+00 1.692341661E+00 2.601117945E+00
 1.687524343E+00 2.526668739E+00 1.672607470E+00 2.455096769E+00 1.647266412E+00
 2.387873173E+00 1.611968303E+00 2.326198769E+00 1.567671633E+00 2.270676041E+00
 1.515854239E+00 2.221249151E+00 1.458179569E+00 2.177613163E+00 1.395997548E+00
 2.139108706E+00 1.330506134E+00 2.105198765E+00 1.262516904E+00 2.075233364E+00
 1.192695498E+00 2.048779011E+00 1.121467781E+00 2.025437117E+00 1.049158382E+00
 2.004819965E+00 9.760243416E-01 1.986716509E+00 9.022274613E-01 1.971016669E+00
 8.278817296E-01 1.957579684E+00 7.530935287E-01 1.946292686E+00 6.779505372E-01
 1.937115788E+00 6.025207758E-01 1.930046153E+00 5.268643618E-01 1.925096774E+00
 4.510397851E-01 1.922269750E+00 3.751064241E-01 1.921574426E+00 2.991236448E-01
 1.923012352E+00 2.231513321E-01 1.926592064E+00 1.472497612E-01 1.932317185E+00
 7.147984803E-02 1.940174699E+00-4.098747624E-03 1.950144649E+00-7.942783982E-02
 1.962192178E+00-1.544527233E-01 1.976316023E+00-2.291145265E-01 1.992545414E+00
-3.033470035E-01 2.010858679E+00-3.770931840E-01 2.031175137E+00-4.503129423E-01
 2.053479052E+00-5.229518771E-01 2.077800465E+00-5.949402928E-01 2.104069853E+00
-6.662413001E-01 2.132225418E+00-7.368185639E-01 2.162318707E+00-8.065915585E-01
 2.194300222E+00-8.755196571E-01 2.228128052E+00-9.435605526E-01 2.263790751E+00
-1.010658050E+00 2.301200628E+00-1.076797414E+00 2.340363693E+00-1.141914010E+00
 2.381196737E+00-1.205996537E+00 2.423766136E+00-1.268938828E+00 2.468057775E+00
-1.330681229E+00 2.513934422E+00-1.391256309E+00
 3.283200000E+00-1.124400000E+00 3.311900000E+00-1.083200000E+00 3.328400000E+00
-1.063100000E+00 3.352400000E+00-1.038700000E+00 3.373200000E+00-1.017200000E+00
 3.423300000E+00-9.599200000E-01 3.447300000E+00-9.322900000E-01 3.494300000E+00
-8.718600000E-01 3.516800000E+00-8.428400000E-01 3.559100000E+00-7.815500000E-01
 3.580500000E+00-7.501500000E-01 3.619300000E+00-6.867900000E-01 3.639000000E+00
-6.539000000E-01 3.673600000E+00-5.876900000E-01 3.688000000E+00-5.608800000E-01
 3.722300000E+00-4.849600000E-01 3.735000000E+00-4.576000000E-01 3.768200000E+00
-3.713700000E-01 3.775800000E+00-3.523900000E-01 3.802600000E+00-2.692000000E-01
 3.810800000E+00-2.445800000E-01 3.833300000E+00-1.579700000E-01 3.839600000E+00
-1.348100000E-01 3.856500000E+00-5.075000000E-02 3.862100000E+00-2.427000000E-02
 3.875200000E+00 6.852000000E-02 3.878400000E+00 8.885000000E-02 3.885700000E+00
 1.762500000E-01 3.887900000E+00 1.963000000E-01 3.890500000E+00 2.904500000E-01
 3.891400000E+00 3.133900000E-01 3.888600000E+00 4.075600000E-01 3.888400000E+00
 4.267400000E-01 3.880300000E+00 5.199300000E-01 3.878900000E+00 5.395800000E-01
 3.865600000E+00 6.322800000E-01 3.863500000E+00 6.497100000E-01 3.844500000E+00
 7.434700000E-01 3.840900000E+00 7.627300000E-01 3.817100000E+00 8.532500000E-01
 3.813000000E+00 8.705300000E-01 3.783700000E+00 9.612500000E-01 3.779000000E+00
 9.769900000E-01 3.744100000E+00 1.067200000E+00 3.738200000E+00 1.083400000E+00
 3.698700000E+00 1.170500000E+00 3.691800000E+00 1.186600000E+00 3.674900000E+00
 1.218800000E+00 3.667400000E+00 1.236400000E+00 3.637300000E+00 1.333900000E+00
 3.642100000E+00 1.407700000E+00 3.621400000E+00 1.426600000E+00 3.620800000E+00
 1.427100000E+00 3.594100000E+00 1.451400000E+00 3.593500000E+00 1.451900000E+00
 3.566800000E+00 1.476200000E+00 3.566200000E+00 1.476700000E+00 3.539500000E+00
 1.501000000E+00 3.538900000E+00 1.501600000E+00 3.512200000E+00 1.525800000E+00
 3.511600000E+00 1.526400000E+00 3.484900000E+00 1.550700000E+00 3.484400000E+00
 1.551200000E+00 3.457700000E+00 1.575500000E+00 3.457100000E+00 1.576000000E+00
 3.430400000E+00 1.600300000E+00 3.429800000E+00 1.600800000E+00 3.403100000E+00
 1.625100000E+00 3.402500000E+00 1.625700000E+00 3.381800000E+00 1.644500000E+00
 3.331500000E+00 1.704100000E+00 3.281800000E+00 1.738700000E+00 3.186300000E+00
 1.817500000E+00 3.136600000E+00 1.852100000E+00 3.001000000E+00 1.883400000E+00
 2.868900000E+00 1.939600000E+00 2.852500000E+00 1.945300000E+00 2.775600000E+00
 1.968000000E+00 2.757600000E+00 1.972000000E+00 2.679000000E+00 1.982900000E+00
 2.658900000E+00 1.984000000E+00 2.577900000E+00 1.982900000E+00 2.560600000E+00
 1.981100000E+00 2.480100000E+00 1.967700000E+00 2.466000000E+00 1.964200000E+00
 2.388400000E+00 1.938900000E+00 2.374200000E+00 1.933100000E+00 2.298000000E+00
 1.894700000E+00 2.287500000E+00 1.888400000E+00 2.195400000E+00 1.822800000E+00
 2.182400000E+00 1.823700000E+00 2.165700000E+00 1.790800000E+00 2.165300000E+00
 1.790100000E+00 2.149000000E+00 1.757900000E+00 2.148600000E+00 1.757200000E+00
 2.132300000E+00 1.725100000E+00 2.131900000E+00 1.724300000E+00 2.115600000E+00
 1.692200000E+00 2.115200000E+00 1.691500000E+00 2.098900000E+00 1.659300000E+00
 2.098500000E+00 1.658600000E+00 2.082200000E+00 1.626400000E+00 2.081800000E+00
 1.625700000E+00 2.068200000E+00 1.598800000E+00 2.067600000E+00 1.598200000E+00
 2.054700000E+00 1.564500000E+00 2.054400000E+00 1.563700000E+00 2.041500000E+00
 1.530000000E+00 2.041200000E+00 1.529300000E+00 2.028300000E+00 1.495600000E+00
 2.028000000E+00 1.494900000E+00 2.015100000E+00 1.461200000E+00 2.014800000E+00
 1.460400000E+00 2.001900000E+00 1.426700000E+00 2.001600000E+00 1.426000000E+00
 1.988800000E+00 1.392300000E+00 1.988500000E+00 1.391500000E+00 1.975600000E+00
 1.357800000E+00 1.975300000E+00 1.357100000E+00 1.961300000E+00 1.320600000E+00
 1.929900000E+00 1.273000000E+00 1.927000000E+00 1.261000000E+00 1.922600000E+00
 1.254000000E+00 1.942500000E+00 1.234600000E+00 1.927300000E+00 1.158300000E+00
 1.925000000E+00 1.138000000E+00 1.912400000E+00 1.060700000E+00 1.909700000E+00
 1.040000000E+00 1.898400000E+00 9.620700000E-01 1.895700000E+00 9.400900000E-01
 1.885800000E+00 8.623800000E-01 1.883000000E+00 8.406700000E-01 1.873100000E+00
 7.629600000E-01 1.870400000E+00 7.416800000E-01 1.860500000E+00 6.640800000E-01
 1.858400000E+00 6.428700000E-01 1.849900000E+00 5.654900000E-01 1.848200000E+00
 5.452300000E-01 1.841800000E+00 4.671000000E-01 1.841000000E+00 4.461600000E-01
 1.837200000E+00 3.683300000E-01 1.837000000E+00 3.473700000E-01 1.835900000E+00
 2.700200000E-01 1.836400000E+00 2.485000000E-01 1.837900000E+00 1.709900000E-01
 1.839100000E+00 1.496700000E-01 1.843100000E+00 7.136000000E-02 1.845000000E+00
 5.067000000E-02 1.851700000E+00-2.749000000E-02 1.854200000E+00-4.782000000E-02
 1.863400000E+00-1.248400000E-01 1.866600000E+00-1.455400000E-01 1.878500000E+00
-2.231300000E-01 1.882300000E+00-2.431500000E-01 1.896700000E+00-3.202500000E-01
 1.901300000E+00-3.401900000E-01 1.918200000E+00-4.168100000E-01 1.923400000E+00
-4.365500000E-01 1.942700000E+00-5.120400000E-01 1.948600000E+00-5.318500000E-01
 1.970600000E+00-6.069300000E-01 1.959700000E+00-6.265200000E-01 1.961800000E+00
-6.575600000E-01 2.009100000E+00-7.839900000E-01 2.020400000E+00-8.113000000E-01
 2.020700000E+00-8.120400000E-01 2.034500000E+00-8.453700000E-01 2.034800000E+00
-8.461200000E-01 2.048600000E+00-8.794500000E-01 2.049000000E+00-8.801900000E-01
 2.062800000E+00-9.135200000E-01 2.063100000E+00-9.142600000E-01 2.076900000E+00
-9.476000000E-01 2.077200000E+00-9.483400000E-01 2.091000000E+00-9.816700000E-01
 2.091300000E+00-9.824100000E-01 2.105100000E+00-1.015700000E+00 2.105500000E+00
-1.016700000E+00 2.119300000E+00-1.050000000E+00 2.119600000E+00-1.050700000E+00
 2.133400000E+00-1.084100000E+00 2.133700000E+00-1.084800000E+00 2.147500000E+00
-1.118100000E+00 2.147800000E+00-1.118900000E+00 2.161600000E+00-1.152200000E+00
 2.161900000E+00-1.153000000E+00 2.175700000E+00-1.186300000E+00 2.176100000E+00
-1.187000000E+00 2.189900000E+00-1.220400000E+00 2.190200000E+00-1.221100000E+00
 2.201500000E+00-1.248400000E+00 2.144600000E+00-1.274900000E+00 2.293600000E+00
-1.314800000E+00 2.293600000E+00-1.331400000E+00 2.295400000E+00-1.334400000E+00
 2.359900000E+00-1.334400000E+00 2.396200000E+00-1.373200000E+00 2.409100000E+00
-1.400300000E+00 2.412200000E+00-1.422000000E+00 2.412900000E+00-1.431500000E+00
 2.412900000E+00-1.468500000E+00 2.412200000E+00-1.476800000E+00 2.407600000E+00
-1.504400000E+00 2.398000000E+00-1.516400000E+00 2.419200000E+00-1.592200000E+00
 2.421200000E+00-1.610200000E+00 2.418800000E+00-1.642800000E+00 2.416300000E+00
-1.656100000E+00 2.405700000E+00-1.689700000E+00 2.315000000E+00-1.738700000E+00
 2.353500000E+00-1.738700000E+00 2.374300000E+00-1.735000000E+00 2.427400000E+00
-1.713500000E+00 2.446200000E+00-1.709800000E+00 2.523700000E+00-1.709800000E+00
 2.524600000E+00-1.700000000E+00 2.559100000E+00-1.655000000E+00 2.553000000E+00
-1.638000000E+00 2.573900000E+00-1.601800000E+00 2.633000000E+00-1.617100000E+00
 2.633700000E+00-1.619900000E+00 2.693800000E+00-1.635500000E+00 2.694300000E+00
-1.638200000E+00 2.754400000E+00-1.654800000E+00 2.755200000E+00-1.656600000E+00
 2.814700000E+00-1.672000000E+00 2.814700000E+00-1.707900000E+00 2.804300000E+00
-1.711600000E+00 2.857000000E+00-1.711600000E+00 2.878500000E+00-1.716000000E+00
 2.936400000E+00-1.741400000E+00 2.957300000E+00-1.745900000E+00 2.987000000E+00
-1.745900000E+00 2.897700000E+00-1.682300000E+00 2.882000000E+00-1.622800000E+00
 2.881600000E+00-1.591600000E+00 2.900500000E+00-1.510400000E+00 2.890500000E+00
-1.498400000E+00 2.887900000E+00-1.489200000E+00 2.885900000E+00-1.474000000E+00
 2.885900000E+00-1.435700000E+00 2.889500000E+00-1.417100000E+00 2.900800000E+00
-1.392800000E+00 2.913300000E+00-1.376200000E+00 2.963500000E+00-1.334800000E+00
 3.009700000E+00-1.334800000E+00 3.060000000E+00-1.297800000E+00 3.194000000E+00
-1.214000000E+00 3.202200000E+00-1.208900000E+00 3.306300000E+00-1.208900000E+00
 3.283200000E+00-1.124400000E+00
