# Time (s), dIp/dt (A/s)
6.252500152587890625e+01 -5.293292307692307804e+04
6.252519989013671875e+01 -5.707303384618759155e+05
6.252539825439453125e+01 -4.464457125167846680e+05
6.252560043334960938e+01 4.270591455049514771e+05
6.252579879760742188e+01 6.347158202943801880e+05
6.252600097656250000e+01 7.354192060813903809e+05
6.252619934082031250e+01 9.595487931451797485e+05
6.252640151977539062e+01 2.176644690408706665e+05
6.252659988403320312e+01 -1.108755692307472229e+06
6.252679824829101562e+01 -2.586469801979064941e+05
6.252700042724609375e+01 4.042268542346954346e+05
6.252719879150390625e+01 4.548091053037643433e+05
6.252740097045898438e+01 1.042489381933212280e+06
6.252759933471679688e+01 5.285222714929580688e+05
6.252780151367187500e+01 -5.928286958322525024e+05
6.252799987792968750e+01 -6.718700307683944702e+05
6.252819824218750000e+01 -2.527411987342834473e+05
6.252840042114257812e+01 4.340520754051208496e+05
6.252859878540039062e+01 2.206635416142463684e+06
6.252880096435546875e+01 3.482381277534484863e+06
6.252899932861328125e+01 3.337615609826087952e+06
6.252920150756835938e+01 4.514057627115249634e+06
6.252939987182617188e+01 6.314897723076820374e+06
6.252959823608398438e+01 1.093613712516784668e+06
6.252980041503906250e+01 -4.345196121914863586e+06
6.252999877929687500e+01 -3.745741332914352417e+06
6.253020095825195312e+01 -5.216532412765502930e+06
6.253039932250976562e+01 -8.667944340745925903e+06
6.253060150146484375e+01 -3.578511003309249878e+06
6.253079986572265625e+01 1.611555446154594421e+06
6.253099822998046875e+01 5.001017328853607178e+05
6.253120040893554688e+01 1.943018747167587280e+05
6.253139877319335938e+01 8.787093965911865234e+04
6.253160095214843750e+01 4.069028283033370972e+05
6.253179931640625000e+01 2.411939040985107422e+05
6.253200149536132812e+01 4.813425341348648071e+05
6.253219985961914062e+01 5.886267076921463013e+05
6.253239822387695312e+01 2.448798092606544495e+06
6.253260040283203125e+01 1.859400196635246277e+06
6.253279876708984375e+01 1.216221766878128052e+06
6.253300094604492188e+01 9.028516605043411255e+05
6.253319931030273438e+01 7.167382301998138428e+04
6.253340148925781250e+01 -9.816085259914398193e+05
6.253359985351562500e+01 -1.389489230769157410e+06
6.253379821777343750e+01 -9.464712381172180176e+05
6.253400039672851562e+01 -1.374222069473266602e+06
6.253419876098632812e+01 -1.222842741817474365e+06
6.253440093994140625e+01 -1.190017127752304077e+06
6.253459930419921875e+01 -9.955932534408569336e+04
6.253480148315429688e+01 -8.825392825603485107e+05
6.253499984741210938e+01 -1.771362461538314819e+05
6.253519821166992188e+01 1.205190666192054749e+06
6.253540039062500000e+01 4.241827904396057129e+05
6.253559875488281250e+01 -9.532343685188293457e+05
6.253580093383789062e+01 -2.419491148900985718e+05
6.253599929809570312e+01 -3.407865885305404663e+05
6.253620147705078125e+01 -1.947205980764389038e+06
6.253639984130859375e+01 -1.035027692307472229e+06
6.253659820556640625e+01 6.542473962926864624e+05
6.253680038452148438e+01 5.522716998825073242e+05
6.253699874877929688e+01 8.300803166961669922e+04
6.253720092773437500e+01 1.679347657365798950e+05
6.253739929199218750e+01 -8.562639620256423950e+05
6.253760147094726562e+01 -3.366151127447128296e+06
6.253779983520507812e+01 -5.804725169230461121e+06
6.253799819946289062e+01 -6.603634419207572937e+06
6.253820037841796875e+01 -6.759619701551437378e+06
6.253839874267578125e+01 -8.465454066907882690e+06
6.253860092163085938e+01 -1.023173928888511658e+07
6.253879928588867188e+01 -1.065182917064571381e+07
6.253900146484375000e+01 -1.187623729841136932e+07
6.253919982910156250e+01 -1.358681009230804443e+07
6.253939819335937500e+01 -1.486753385202598572e+07
6.253960037231445312e+01 -1.684680387224578857e+07
6.253979873657226562e+01 -2.107832148590278625e+07
6.254000091552734375e+01 -2.546410343344783783e+07
6.254019927978515625e+01 -2.399715691484928131e+07
6.254040145874023438e+01 -1.907306034283447266e+07
6.254059982299804688e+01 -1.172987273846149445e+07
6.254079818725585938e+01 7.380833017789840698e+06
6.254100036621093750e+01 5.734765194819355011e+07
6.254119873046875000e+01 1.659932445246534348e+08
6.254140090942382812e+01 2.190636107570333481e+08
6.254159927368164062e+01 1.706023236900081635e+08
6.254180145263671875e+01 1.042608670453186035e+08
6.254199981689453125e+01 4.298342400000572205e+06
6.254219818115234375e+01 -1.594561014707632065e+08
6.254240036010742188e+01 -2.659439838889331818e+08
6.254259872436523438e+01 -2.681217763765516281e+08
6.254280090332031250e+01 -2.631609100275402069e+08
6.254299926757812500e+01 -2.516926399682407379e+08
6.254320144653320312e+01 -2.412285848672885895e+08
6.254339981079101562e+01 -2.361879000615391731e+08
6.254359817504882812e+01 -2.292183029412508011e+08
6.254380035400390625e+01 -2.247280006760492325e+08
6.254399871826171875e+01 -2.199663492276401520e+08
6.254420089721679688e+01 -2.142622626283721924e+08
6.254439926147460938e+01 -2.091663151647243500e+08
6.254460144042968750e+01 -2.018311263471417427e+08
6.254479980468750000e+01 -1.960903286153845787e+08
6.254499816894531250e+01 -1.872887523779668808e+08
6.254520034790039062e+01 -1.814534269379663467e+08
6.254539871215820312e+01 -1.747953697376074791e+08
6.254560089111328125e+01 -1.692407160209774971e+08
6.254579925537109375e+01 -1.651923600452718735e+08
6.254600143432617188e+01 -1.592553769865169525e+08
6.254619979858398438e+01 -1.556443451076927185e+08
6.254639816284179688e+01 -1.506209977082924843e+08
6.254660034179687500e+01 -1.469351774498305321e+08
6.254679870605468750e+01 -1.434983706875667572e+08
6.254700088500976562e+01 -1.407018001310825348e+08
6.254719924926757812e+01 -1.352620648254222870e+08
6.254740142822265625e+01 -1.276449637816133499e+08
6.254759979248046875e+01 -1.189769531076922417e+08
6.254779815673828125e+01 -1.059788393627204895e+08
6.254800033569335938e+01 -9.465508397400188446e+07
6.254819869995117188e+01 -8.460921008505344391e+07
6.254840087890625000e+01 -7.555303030366182327e+07
6.254859924316406250e+01 -7.022986075455141068e+07
6.254880142211914062e+01 -6.719406399323225021e+07
6.254899978637695312e+01 -6.651573169230747223e+07
6.254919815063476562e+01 -6.817787013122129440e+07
6.254940032958984375e+01 -7.178172177781462669e+07
6.254959869384765625e+01 -8.212560840868639946e+07
6.254980087280273438e+01 -9.620515679842948914e+07
6.254999923706054688e+01 -1.040493249200468063e+08
6.255020141601562500e+01 -1.112981556541132927e+08
6.255039978027343750e+01 -1.206191025230767727e+08
6.255059814453125000e+01 -1.176663195174672604e+08
6.255080032348632812e+01 -1.234726362752697468e+08
6.255099868774414062e+01 -1.463491941724128723e+08
6.255120086669921875e+01 -1.640377470667717457e+08
6.255139923095703125e+01 -1.803231957611114979e+08
6.255160140991210938e+01 -2.022486543562762737e+08
6.255179977416992188e+01 -2.079171820307691097e+08
6.255199813842773438e+01 -1.886424572666637897e+08
6.255220031738281250e+01 -1.701041122035136223e+08
6.255239868164062500e+01 -1.504953606238552332e+08
6.255260086059570312e+01 -1.254157485716937780e+08
6.255279922485351562e+01 -1.047500667712985277e+08
6.255300140380859375e+01 -9.172120839767229557e+07
6.255319976806640625e+01 -8.298162018461549282e+07
6.255339813232421875e+01 -7.267980093730866909e+07
6.255360031127929688e+01 -6.382687277789473534e+07
6.255379867553710938e+01 -5.685416151996147633e+07
6.255400085449218750e+01 -5.260915279087710381e+07
6.255419921875000000e+01 -4.992149611148810387e+07
6.255440139770507812e+01 -4.749223367983973026e+07
6.255459976196289062e+01 -4.706159064615380764e+07
6.255479812622070312e+01 -4.521201548783195019e+07
6.255500030517578125e+01 -4.263229437310659885e+07
6.255519866943359375e+01 -4.044749018119287491e+07
6.255540084838867188e+01 -3.841696989870214462e+07
6.255559921264648438e+01 -3.691303587447917461e+07
6.255580139160156250e+01 -3.614582461704331636e+07
6.255599975585937500e+01 -3.527282215384614468e+07
6.255619812011718750e+01 -3.467528713589602709e+07
6.255640029907226562e+01 -3.427855682791072130e+07
6.255659866333007812e+01 -3.264514356990534067e+07
6.255680084228515625e+01 -3.181084178294557333e+07
6.255699920654296875e+01 -3.017055460522770882e+07
6.255720138549804688e+01 -2.717526503335964680e+07
6.255739974975585938e+01 -2.463891298461544514e+07
6.255759811401367188e+01 -2.347546491373282671e+07
6.255780029296875000e+01 -2.192003336970353127e+07
6.255799865722656250e+01 -2.076849489653187990e+07
6.255820083618164062e+01 -2.068641495748424530e+07
6.255839920043945312e+01 -2.004789441207551956e+07
6.255860137939453125e+01 -1.956335081529891491e+07
6.255879974365234375e+01 -1.882261267692303658e+07
6.255899810791015625e+01 -1.592696849692994356e+07
6.255920028686523438e+01 -1.263746106953078508e+07
6.255939865112304688e+01 -9.967341305577397346e+06
6.255960083007812500e+01 -8.593524150998651981e+06
6.255979919433593750e+01 -9.268775769614994526e+06
6.256000137329101562e+01 -1.015880476184946299e+07
6.256019973754882812e+01 -1.076866363076919317e+07
6.256039810180664062e+01 -1.110653816330084205e+07
6.256060028076171875e+01 -9.783840063960194588e+06
6.256079864501953125e+01 -7.227962855406761169e+06
6.256100082397460938e+01 -6.719090293941527605e+06
6.256119918823242188e+01 -6.748648914175152779e+06
6.256140136718750000e+01 -5.868810334834456444e+06
6.256159973144531250e+01 -6.057397169230759144e+06
6.256179809570312500e+01 -6.790236415486901999e+06
6.256200027465820312e+01 -5.973579986475914717e+06
6.256219863891601562e+01 -6.267241032010525465e+06
6.256240081787109375e+01 -8.097439982926219702e+06
6.256259918212890625e+01 -7.473693006610035896e+06
6.256280136108398438e+01 -8.070021019503742456e+06
6.256299972534179688e+01 -1.022113305371761322e+07
6.256320190429687500e+01 -1.025612954778349400e+07
6.256340026855468750e+01 -1.017779987692308426e+07
6.256359863281250000e+01 -1.158559446899163723e+07
6.256380081176757812e+01 -1.211956335748976469e+07
6.256399917602539062e+01 -1.103325822929576039e+07
6.256420135498046875e+01 -1.155225361215290427e+07
6.256439971923828125e+01 -1.276115065869376063e+07
6.256460189819335938e+01 -1.247256675363880396e+07
6.256480026245117188e+01 -1.193895975384610891e+07
6.256499862670898438e+01 -1.208714454014512897e+07
6.256520080566406250e+01 -1.249234764168360829e+07
6.256539916992187500e+01 -1.218636061706545949e+07
6.256560134887695312e+01 -1.181292154541710019e+07
6.256579971313476562e+01 -1.186621547361116111e+07
6.256600189208984375e+01 -1.192837381148661673e+07
6.256620025634765625e+01 -1.128346781538459659e+07
6.256639862060546875e+01 -1.104359468727901578e+07
6.256660079956054688e+01 -1.206010527130831778e+07
6.256679916381835938e+01 -1.225056566476744413e+07
6.256700134277343750e+01 -1.182292616059160233e+07
6.256719970703125000e+01 -1.109219902456285059e+07
6.256740188598632812e+01 -1.019136930793280900e+07
6.256760025024414062e+01 -9.529153969230785966e+06
6.256779861450195312e+01 -8.044651449935734272e+06
6.256800079345703125e+01 -5.587928976675644517e+06
6.256819915771484375e+01 -4.008045028858944774e+06
6.256840133666992188e+01 -3.873336159701436758e+06
6.256859970092773438e+01 -2.675398728470519185e+06
6.256880187988281250e+01 -2.247119093012645841e+06
6.256900024414062500e+01 -2.594147446153834462e+06
6.256919860839843750e+01 4.057723143272101879e+04
6.256940078735351562e+01 4.074522550114035606e+06
6.256959915161132812e+01 5.667423313600108027e+06
6.256980133056640625e+01 6.417976247812554240e+06
6.256999969482421875e+01 7.563451076923076995e+06
