# Time (s), Smoothed Ip (A)
6.252500152587890625e+01 1.948319600000000093e+06
6.252519989013671875e+01 1.948309100000000093e+06
6.252539825439453125e+01 1.948093175000000047e+06
6.252560043334960938e+01 1.948135225000000093e+06
6.252579879760742188e+01 1.948262574999999953e+06
6.252600097656250000e+01 1.948389399999999907e+06
6.252619934082031250e+01 1.948556324999999953e+06
6.252640151977539062e+01 1.948774649999999907e+06
6.252659988403320312e+01 1.948650024999999907e+06
6.252679824829101562e+01 1.948334774999999907e+06
6.252700042724609375e+01 1.948556675000000047e+06
6.252719879150390625e+01 1.948501925000000047e+06
6.252740097045898438e+01 1.948744475000000093e+06
6.252759933471679688e+01 1.948920675000000047e+06
6.252780151367187500e+01 1.948953399999999907e+06
6.252799987792968750e+01 1.948688925000000047e+06
6.252819824218750000e+01 1.948686850000000093e+06
6.252840042114257812e+01 1.948585824999999953e+06
6.252859878540039062e+01 1.948853649999999907e+06
6.252880096435546875e+01 1.949476274999999907e+06
6.252899932861328125e+01 1.950245449999999953e+06
6.252920150756835938e+01 1.950808975000000093e+06
6.252939987182617188e+01 1.952040475000000093e+06
6.252959823608398438e+01 1.953314274999999907e+06
6.252980041503906250e+01 1.952437475000000093e+06
6.252999877929687500e+01 1.951573899999999907e+06
6.253020095825195312e+01 1.950941824999999953e+06
6.253039932250976562e+01 1.949500250000000000e+06
6.253060150146484375e+01 1.947459149999999907e+06
6.253079986572265625e+01 1.948017649999999907e+06
6.253099822998046875e+01 1.948098500000000000e+06
6.253120040893554688e+01 1.948218675000000047e+06
6.253139877319335938e+01 1.948179350000000093e+06
6.253160095214843750e+01 1.948256074999999953e+06
6.253179931640625000e+01 1.948342125000000000e+06
6.253200149536132812e+01 1.948351199999999953e+06
6.253219985961914062e+01 1.948531625000000000e+06
6.253239822387695312e+01 1.948584725000000093e+06
6.253260040283203125e+01 1.949529274999999907e+06
6.253279876708984375e+01 1.949350750000000000e+06
6.253300094604492188e+01 1.950032725000000093e+06
6.253319931030273438e+01 1.949731050000000047e+06
6.253340148925781250e+01 1.950073699999999953e+06
6.253359985351562500e+01 1.949358100000000093e+06
6.253379821777343750e+01 1.949522449999999953e+06
6.253400039672851562e+01 1.948965324999999953e+06
6.253419876098632812e+01 1.948961574999999953e+06
6.253440093994140625e+01 1.948466250000000000e+06
6.253459930419921875e+01 1.948475399999999907e+06
6.253480148315429688e+01 1.948425250000000000e+06
6.253499984741210938e+01 1.948126699999999953e+06
6.253519821166992188e+01 1.948354975000000093e+06
6.253540039062500000e+01 1.948609850000000093e+06
6.253559875488281250e+01 1.948531199999999953e+06
6.253580093383789062e+01 1.948223750000000000e+06
6.253599929809570312e+01 1.948424625000000000e+06
6.253620147705078125e+01 1.948076824999999953e+06
6.253639984130859375e+01 1.947646399999999907e+06
6.253659820556640625e+01 1.947666199999999953e+06
6.253680038452148438e+01 1.947912725000000093e+06
6.253699874877929688e+01 1.947892449999999953e+06
6.253720092773437500e+01 1.947947399999999907e+06
6.253739929199218750e+01 1.947960500000000000e+06
6.253760147094726562e+01 1.947597324999999953e+06
6.253779983520507812e+01 1.946624074999999953e+06
6.253799819946289062e+01 1.945294425000000047e+06
6.253820037841796875e+01 1.943979800000000047e+06
6.253839874267578125e+01 1.942588850000000093e+06
6.253860092163085938e+01 1.940577824999999953e+06
6.253879928588867188e+01 1.938492750000000000e+06
6.253900146484375000e+01 1.936310225000000093e+06
6.253919982910156250e+01 1.933743975000000093e+06
6.253939819335937500e+01 1.930919949999999953e+06
6.253960037231445312e+01 1.927784024999999907e+06
6.253979873657226562e+01 1.924182175000000047e+06
6.254000091552734375e+01 1.919318750000000000e+06
6.254019927978515625e+01 1.913993350000000093e+06
6.254040145874023438e+01 1.909728800000000047e+06
6.254059982299804688e+01 1.906338500000000000e+06
6.254079818725585938e+01 1.905075225000000093e+06
6.254100036621093750e+01 1.909400750000000000e+06
6.254119873046875000e+01 1.927773725000000093e+06
6.254140090942382812e+01 1.976453375000000000e+06
6.254159927368164062e+01 2.015682250000000000e+06
6.254180145263671875e+01 2.044577774999999907e+06
6.254199981689453125e+01 2.057735399999999907e+06
6.254219818115234375e+01 2.046283050000000047e+06
6.254240036010742188e+01 1.993082800000000047e+06
6.254259872436523438e+01 1.939782225000000093e+06
6.254280090332031250e+01 1.885692899999999907e+06
6.254299926757812500e+01 1.834341875000000000e+06
6.254320144653320312e+01 1.784934425000000047e+06
6.254339981079101562e+01 1.737695625000000000e+06
6.254359817504882812e+01 1.691231949999999953e+06
6.254380035400390625e+01 1.645922425000000047e+06
6.254399871826171875e+01 1.601223375000000000e+06
6.254420089721679688e+01 1.557857774999999907e+06
6.254439926147460938e+01 1.515400350000000093e+06
6.254460144042968750e+01 1.474115149999999907e+06
6.254479980468750000e+01 1.434540350000000093e+06
6.254499816894531250e+01 1.396320524999999907e+06
6.254520034790039062e+01 1.359564600000000093e+06
6.254539871215820312e+01 1.323637975000000093e+06
6.254560089111328125e+01 1.289600175000000047e+06
6.254579925537109375e+01 1.255856449999999953e+06
6.254600143432617188e+01 1.223471375000000000e+06
6.254619979858398438e+01 1.192060800000000047e+06
6.254639816284179688e+01 1.161722824999999953e+06
6.254660034179687500e+01 1.131748449999999953e+06
6.254679870605468750e+01 1.102858949999999953e+06
6.254700088500976562e+01 1.074287637499999953e+06
6.254719924926757812e+01 1.046497150000000023e+06
6.254740142822265625e+01 1.020146587500000023e+06
6.254759979248046875e+01 9.953495124999999534e+05
6.254779815673828125e+01 9.729450374999999767e+05
6.254800033569335938e+01 9.529540749999999534e+05
6.254819869995117188e+01 9.349996750000000466e+05
6.254840087890625000e+01 9.191099000000000233e+05
6.254859924316406250e+01 9.047144499999999534e+05
6.254880142211914062e+01 8.909978375000000233e+05
6.254899978637695312e+01 8.777954124999999767e+05
6.254919815063476562e+01 8.646091500000000233e+05
6.254940032958984375e+01 8.504741125000000466e+05
6.254959869384765625e+01 8.358715875000000233e+05
6.254980087280273438e+01 8.175136999999999534e+05
6.254999923706054688e+01 7.973781125000000466e+05
6.255020141601562500e+01 7.758178750000000000e+05
6.255039978027343750e+01 7.528335999999999767e+05
6.255059814453125000e+01 7.279648375000000233e+05
6.255080032348632812e+01 7.057624875000000466e+05
6.255099868774414062e+01 6.786119250000000466e+05
6.255120086669921875e+01 6.470703125000000000e+05
6.255139923095703125e+01 6.129684000000000233e+05
6.255160140991210938e+01 5.747783187499999767e+05
6.255179977416992188e+01 5.320600124999999534e+05
6.255199813842773438e+01 4.922916437499999884e+05
6.255220031738281250e+01 4.565917500000000000e+05
6.255239868164062500e+01 4.241086875000000000e+05
6.255260086059570312e+01 3.964139874999999884e+05
6.255279922485351562e+01 3.737868562500000116e+05
6.255300140380859375e+01 3.545288375000000233e+05
6.255319976806640625e+01 3.370218624999999884e+05
6.255339813232421875e+01 3.216076624999999767e+05
6.255360031127929688e+01 3.079491812500000233e+05
6.255379867553710938e+01 2.960140562500000233e+05
6.255400085449218750e+01 2.852021562500000000e+05
6.255419921875000000e+01 2.749352593750000233e+05
6.255440139770507812e+01 2.652205843749999767e+05
6.255459976196289062e+01 2.559083531249999942e+05
6.255479812622070312e+01 2.465499093749999884e+05
6.255500030517578125e+01 2.378141312500000058e+05
6.255519866943359375e+01 2.294694812500000116e+05
6.255540084838867188e+01 2.216256406250000000e+05
6.255559921264648438e+01 2.140789562499999884e+05
6.255580139160156250e+01 2.068490906250000116e+05
6.255599975585937500e+01 1.996039093749999884e+05
6.255619812011718750e+01 1.928553562500000116e+05
6.255640029907226562e+01 1.857099187500000116e+05
6.255659866333007812e+01 1.791172749999999942e+05
6.255680084228515625e+01 1.726386718750000000e+05
6.255699920654296875e+01 1.663738968750000058e+05
6.255720138549804688e+01 1.605649343750000116e+05
6.255739974975585938e+01 1.554772656250000000e+05
6.255759811401367188e+01 1.507899750000000058e+05
6.255780029296875000e+01 1.460755156250000000e+05
6.255799865722656250e+01 1.419994874999999884e+05
6.255820083618164062e+01 1.377551390625000058e+05
6.255839920043945312e+01 1.337113671875000000e+05
6.255860137939453125e+01 1.297276921874999971e+05
6.255879974365234375e+01 1.258743390625000029e+05
6.255899810791015625e+01 1.222602250000000058e+05
6.255920028686523438e+01 1.195125593749999971e+05
6.255939865112304688e+01 1.171911750000000029e+05
6.255960083007812500e+01 1.155335749999999971e+05
6.255979919433593750e+01 1.137520812500000029e+05
6.256000137329101562e+01 1.118188125000000000e+05
6.256019973754882812e+01 1.096875500000000029e+05
6.256039810180664062e+01 1.075465765625000058e+05
6.256060028076171875e+01 1.052364875000000029e+05
6.256079864501953125e+01 1.036153156250000029e+05
6.256100082397460938e+01 1.023486531249999971e+05
6.256119918823242188e+01 1.009274609375000000e+05
6.256140136718750000e+01 9.964873124999999709e+04
6.256159973144531250e+01 9.857330312500000582e+04
6.256179809570312500e+01 9.724558906250000291e+04
6.256200027465820312e+01 9.585277343750000000e+04
6.256219863891601562e+01 9.484599374999999418e+04
6.256240081787109375e+01 9.333329218750000291e+04
6.256259918212890625e+01 9.160727031249999709e+04
6.256280136108398438e+01 9.034921093750000000e+04
6.256299972534179688e+01 8.838884062499999709e+04
6.256320190429687500e+01 8.625259843749999709e+04
6.256340026855468750e+01 8.427847500000000582e+04
6.256359863281250000e+01 8.221477499999999418e+04
6.256380081176757812e+01 7.962883906250000291e+04
6.256399917602539062e+01 7.735529687500000000e+04
6.256420135498046875e+01 7.521284062499999709e+04
6.256439971923828125e+01 7.273534062499999709e+04
6.256460189819335938e+01 7.009935703124999418e+04
6.256480026245117188e+01 6.773526640624999709e+04
6.256499862670898438e+01 6.536283125000000291e+04
6.256520080566406250e+01 6.289286328125000000e+04
6.256539916992187500e+01 6.036118906250000146e+04
6.256560134887695312e+01 5.801613906249999854e+04
6.256579971313476562e+01 5.563122109374999854e+04
6.256600189208984375e+01 5.326441406250000000e+04
6.256620025634765625e+01 5.085506874999999854e+04
6.256639862060546875e+01 4.878794062500000291e+04
6.256660079956054688e+01 4.642683515625000291e+04
6.256679916381835938e+01 4.396023281249999854e+04
6.256700134277343750e+01 4.152137265625000146e+04
6.256719970703125000e+01 3.922282656249999854e+04
6.256740188598632812e+01 3.708228281250000146e+04
6.256760025024414062e+01 3.513775000000000000e+04
6.256779861450195312e+01 3.330179570312499709e+04
6.256800079345703125e+01 3.192484609374999854e+04
6.256819915771484375e+01 3.105434882812499927e+04
6.256840133666992188e+01 3.032238046875000146e+04
6.256859970092773438e+01 2.950482187500000146e+04
6.256880187988281250e+01 2.926190664062499854e+04
6.256900024414062500e+01 2.861265585937500146e+04
6.256919860839843750e+01 2.823273437500000000e+04
6.256940078735351562e+01 2.864397421875000146e+04
6.256959915161132812e+01 2.984933593750000000e+04
6.256980133056640625e+01 3.091087109375000000e+04
6.256999969482421875e+01 3.241118945312500000e+04
