# Time (s), dIp/dt (A/s)
6.252500152587890625e+01 -3.217691569231473375e+06
6.252519989013671875e+01 -3.044462276923179626e+06
6.252539825439453125e+01 -5.228199600823402405e+06
6.252560043334960938e+01 -8.256044420749664307e+06
6.252579879760742188e+01 -7.555118941649436951e+06
6.252600097656250000e+01 -7.225654105897903442e+06
6.252619934082031250e+01 -9.525309401782989502e+06
6.252640151977539062e+01 -1.151386728954887390e+07
6.252659988403320312e+01 -1.593337698461532593e+07
6.252679824829101562e+01 -2.011923582469654083e+07
6.252700042724609375e+01 -2.202757452769947052e+07
6.252719879150390625e+01 -2.510966253776264191e+07
6.252740097045898438e+01 -2.882487317160892487e+07
6.252759933471679688e+01 -3.044068827658557892e+07
6.252780151367187500e+01 -3.191637775233650208e+07
6.252799987792968750e+01 -3.335082929230785370e+07
6.252819824218750000e+01 -2.952069328352737427e+07
6.252840042114257812e+01 -2.094830961642169952e+07
6.252859878540039062e+01 -1.035285895722961426e+07
6.252880096435546875e+01 5.758028764967918396e+06
6.252899932861328125e+01 4.541745300762748718e+07
6.252920150756835938e+01 1.127570373358325958e+08
6.252939987182617188e+01 1.576109292307691574e+08
6.252959823608398438e+01 1.561595848458137512e+08
6.252980041503906250e+01 1.232367026327733994e+08
6.252999877929687500e+01 5.146422385872173309e+07
6.253020095825195312e+01 -5.584417168003273010e+07
6.253039932250976562e+01 -1.387558909310665131e+08
6.253060150146484375e+01 -1.803206249712123871e+08
6.253079986572265625e+01 -1.987612356923084259e+08
6.253099822998046875e+01 -1.979228981294851303e+08
6.253120040893554688e+01 -1.931214523014993668e+08
6.253139877319335938e+01 -1.901704739761085510e+08
6.253160095214843750e+01 -1.888293313487091064e+08
6.253179931640625000e+01 -1.865169998712611198e+08
6.253200149536132812e+01 -1.818074784857673645e+08
6.253219985961914062e+01 -1.795082712615385056e+08
6.253239822387695312e+01 -1.736162191798076630e+08
6.253260040283203125e+01 -1.678780982713828087e+08
6.253279876708984375e+01 -1.622044353639254570e+08
6.253300094604492188e+01 -1.590847297170391083e+08
6.253319931030273438e+01 -1.568407393923668861e+08
6.253340148925781250e+01 -1.538954039163227081e+08
6.253359985351562500e+01 -1.530697885538463593e+08
6.253379821777343750e+01 -1.506161600291051865e+08
6.253400039672851562e+01 -1.507671196844892502e+08
6.253419876098632812e+01 -1.490290131081008911e+08
6.253440093994140625e+01 -1.486644961146955490e+08
6.253459930419921875e+01 -1.506866226432123184e+08
6.253480148315429688e+01 -1.509438838511242867e+08
6.253499984741210938e+01 -1.526729176615386009e+08
6.253519821166992188e+01 -1.543572433191404343e+08
6.253540039062500000e+01 -1.577476330510082245e+08
6.253559875488281250e+01 -1.604596622920508385e+08
6.253580093383789062e+01 -1.622905490858969688e+08
6.253599929809570312e+01 -1.628749700460405350e+08
6.253620147705078125e+01 -1.655810157017178535e+08
6.253639984130859375e+01 -1.738672600615382195e+08
6.253659820556640625e+01 -1.763451141007118225e+08
6.253680038452148438e+01 -1.768779259817371368e+08
6.253699874877929688e+01 -1.765649712673437595e+08
6.253720092773437500e+01 -1.760646033071975708e+08
6.253739929199218750e+01 -1.705798277525525093e+08
6.253760147094726562e+01 -1.640664561739444733e+08
6.253779983520507812e+01 -1.637596553846154213e+08
6.253799819946289062e+01 -1.594096743737590313e+08
6.253820037841796875e+01 -1.553715194961035252e+08
6.253839874267578125e+01 -1.501115165232369900e+08
6.253860092163085938e+01 -1.435749888912956715e+08
6.253879928588867188e+01 -1.384455138459770679e+08
6.253900146484375000e+01 -1.335468952941823006e+08
6.253919982910156250e+01 -1.269280925538463593e+08
6.253939819335937500e+01 -1.190833971270771027e+08
6.253960037231445312e+01 -1.134825903426082134e+08
6.253979873657226562e+01 -1.075183244418716431e+08
6.254000091552734375e+01 -1.015576923094172478e+08
6.254019927978515625e+01 -9.708589369378387928e+07
6.254040145874023438e+01 -9.270209973158621788e+07
6.254059982299804688e+01 -8.950727286153852940e+07
6.254079818725585938e+01 -8.507171408220052719e+07
6.254100036621093750e+01 -8.165715044850087166e+07
6.254119873046875000e+01 -7.866088692375695705e+07
6.254140090942382812e+01 -7.644614401503908634e+07
6.254159927368164062e+01 -7.437551731358349323e+07
6.254180145263671875e+01 -6.979663042127597332e+07
6.254199981689453125e+01 -6.741853735384619236e+07
6.254219818115234375e+01 -6.408855155110633373e+07
6.254240036010742188e+01 -5.988879732048380375e+07
6.254259872436523438e+01 -5.706983958894753456e+07
6.254280090332031250e+01 -5.480954795993649960e+07
6.254299926757812500e+01 -5.322321875555181503e+07
6.254320144653320312e+01 -5.137320754265803099e+07
6.254339981079101562e+01 -4.828369526153856516e+07
6.254359817504882812e+01 -4.423483397944855690e+07
6.254380035400390625e+01 -4.296156117182946205e+07
6.254399871826171875e+01 -4.056607669901716709e+07
6.254420089721679688e+01 -3.603566484143477678e+07
6.254439926147460938e+01 -3.300908870860463381e+07
6.254460144042968750e+01 -2.979481857468515635e+07
6.254479980468750000e+01 -2.603295507692307234e+07
6.254499816894531250e+01 -2.186446616575574875e+07
6.254520034790039062e+01 -1.859432569161653519e+07
6.254539871215820312e+01 -1.672019511379086971e+07
6.254560089111328125e+01 -1.453145505342453718e+07
6.254579925537109375e+01 -1.213691210859078169e+07
6.254600143432617188e+01 -8.229017982876539230e+06
6.254619979858398438e+01 -5.273489723076879978e+06
6.254639816284179688e+01 -5.316201961246848106e+06
6.254660034179687500e+01 -6.925126215019702911e+06
6.254679870605468750e+01 -7.709790273959457874e+06
6.254700088500976562e+01 -8.828632403776347637e+06
6.254719924926757812e+01 -1.028522594196140766e+07
6.254740142822265625e+01 -8.828430278957724571e+06
6.254759979248046875e+01 -5.818320738461554050e+06
6.254779815673828125e+01 -4.354568447345376015e+06
6.254800033569335938e+01 -4.475811697748243809e+06
6.254819869995117188e+01 -3.987973902384400368e+06
6.254840087890625000e+01 -4.114986286267161369e+06
6.254859924316406250e+01 -5.590620888243794441e+06
6.254880142211914062e+01 -6.486017440917789936e+06
6.254899978637695312e+01 -7.287808000000000000e+06
6.254919815063476562e+01 -7.473353187797427177e+06
6.254940032958984375e+01 -6.792261455636203289e+06
6.254959869384765625e+01 -6.567553938798785210e+06
6.254980087280273438e+01 -6.442517612351953983e+06
6.254999923706054688e+01 -6.525927040132731199e+06
6.255020141601562500e+01 -6.925774509143650532e+06
6.255039978027343750e+01 -7.986203569230794907e+06
6.255059814453125000e+01 -8.715505144250452518e+06
6.255080032348632812e+01 -9.231860482565462589e+06
6.255099868774414062e+01 -1.031021620583590865e+07
6.255120086669921875e+01 -1.225823112041470408e+07
6.255139923095703125e+01 -1.392705884339758754e+07
6.255160140991210938e+01 -1.464167198449653387e+07
6.255179977416992188e+01 -1.498083249230769277e+07
6.255199813842773438e+01 -1.551130461082863808e+07
6.255220031738281250e+01 -1.750272917346599698e+07
6.255239868164062500e+01 -1.797731668484067917e+07
6.255260086059570312e+01 -1.799966164015209675e+07
6.255279922485351562e+01 -1.890683724309903383e+07
6.255300140380859375e+01 -1.860186836280596256e+07
6.255319976806640625e+01 -1.711453735384616256e+07
6.255339813232421875e+01 -1.595548164494022727e+07
6.255360031127929688e+01 -1.653427562706479430e+07
6.255379867553710938e+01 -1.655377214544755220e+07
6.255400085449218750e+01 -1.618214810442185402e+07
6.255419921875000000e+01 -1.575492404318195581e+07
6.255440139770507812e+01 -1.551011756347502768e+07
6.255459976196289062e+01 -1.431045710769230127e+07
6.255479812622070312e+01 -1.321025021841454506e+07
6.255500030517578125e+01 -1.277362601445850730e+07
6.255519866943359375e+01 -1.098505679167322814e+07
6.255540084838867188e+01 -8.689469476801455021e+06
6.255559921264648438e+01 -6.161885949469909072e+06
6.255580139160156250e+01 -4.351405825220808387e+06
6.255599975585937500e+01 -1.714918399999991059e+06
6.255619812011718750e+01 7.392757171884775162e+05
6.255640029907226562e+01 -3.341134783031314611e+06
6.255659866333007812e+01 -7.050454571135535836e+06
6.255680084228515625e+01 -5.145982499633714557e+06
6.255699920654296875e+01 -4.506387425851121545e+06
6.255720138549804688e+01 -6.433663677279688418e+06
6.255739974975585938e+01 -3.030067200000002980e+06
6.255759811401367188e+01 2.268105556165583432e+06
6.255780029296875000e+01 2.171572963638119400e+06
6.255799865722656250e+01 1.764526688993029296e+06
6.255820083618164062e+01 2.519402497344672680e+06
6.255839920043945312e+01 3.753541870713934302e+06
6.255860137939453125e+01 4.687720041556417942e+06
6.255879974365234375e+01 5.648651815384611487e+06
6.255899810791015625e+01 4.279612593920797110e+06
6.255920028686523438e+01 4.727881422052681446e+06
6.255939865112304688e+01 4.565976883256629109e+06
6.255960083007812500e+01 1.565349570729151368e+06
6.255979919433593750e+01 -4.141948240237683058e+05
6.256000137329101562e+01 -3.287512137673646212e+05
6.256019973754882812e+01 -6.624187076923102140e+05
6.256039810180664062e+01 -1.150535192380949855e+06
6.256060028076171875e+01 -8.866042936263680458e+05
6.256079864501953125e+01 -3.394641387793421745e+04
6.256100082397460938e+01 1.567352922092750669e+06
6.256119918823242188e+01 1.078589864985838532e+06
6.256140136718750000e+01 1.179301202714785933e+06
6.256159973144531250e+01 7.545294769230782986e+05
6.256179809570312500e+01 -7.279962145829051733e+05
6.256200027465820312e+01 -1.363746970919892192e+06
6.256219863891601562e+01 -1.710674196364656091e+06
6.256240081787109375e+01 -2.698853007207140326e+06
6.256259918212890625e+01 -1.841790805014863610e+06
6.256280136108398438e+01 -1.251922750509366393e+06
6.256299972534179688e+01 -2.352510590221852064e+06
6.256320190429687500e+01 -3.480672395350053906e+06
6.256340026855468750e+01 -1.743905476923063397e+06
6.256359863281250000e+01 -4.386208772741705179e+05
6.256380081176757812e+01 -8.676420312668532133e+05
6.256399917602539062e+01 -9.348691723269224167e+04
6.256420135498046875e+01 1.331855835587799549e+06
6.256439971923828125e+01 8.895501036201417446e+05
6.256460189819335938e+01 -6.310976607754379511e+05
6.256480026245117188e+01 6.087473230769336224e+05
6.256499862670898438e+01 7.922968557882308960e+05
6.256520080566406250e+01 2.297516719054579735e+05
6.256539916992187500e+01 -1.805516771691143513e+05
6.256560134887695312e+01 -1.084600936070218682e+06
6.256579971313476562e+01 -1.194364535710826516e+06
6.256600189208984375e+01 5.233542042158991098e+05
6.256620025634765625e+01 1.828363815384626389e+06
6.256639862060546875e+01 2.036089325493127108e+06
6.256660079956054688e+01 -1.061477816130965948e+05
6.256679916381835938e+01 -4.121773221181839705e+06
6.256700134277343750e+01 -5.945981378251433372e+06
6.256719970703125000e+01 -6.517526177820153534e+06
6.256740188598632812e+01 -6.534345527856796980e+06
6.256760025024414062e+01 -3.792554338461533189e+06
6.256779861450195312e+01 -2.622570752477571368e+05
6.256800079345703125e+01 -1.374024959203824401e+06
6.256819915771484375e+01 -2.280489631980098784e+06
6.256840133666992188e+01 -1.497277080478265882e+06
6.256859970092773438e+01 -1.860383469121567905e+06
6.256880187988281250e+01 -1.858477985165528953e+06
6.256900024414062500e+01 -4.572435692307725549e+05
6.256919860839843750e+01 -3.801452645628601313e+05
6.256940078735351562e+01 -8.943620317091792822e+04
6.256959915161132812e+01 1.795631025867730379e+06
6.256980133056640625e+01 1.808632450043536723e+06
6.256999969482421875e+01 1.485024492307681357e+06
