# Time (s), dIp/dt (A/s)
6.252500152587890625e+01 1.186075569230299676e+06
6.252519989013671875e+01 2.026133661538124084e+06
6.252539825439453125e+01 2.527526671941280365e+06
6.252560043334960938e+01 2.703805308718681335e+06
6.252579879760742188e+01 1.603978154719352722e+06
6.252600097656250000e+01 6.757639399213790894e+05
6.252619934082031250e+01 3.949895801725387573e+05
6.252640151977539062e+01 -1.166065212192535400e+05
6.252659988403320312e+01 -2.386392615384578705e+06
6.252679824829101562e+01 -3.612428702865600586e+06
6.252700042724609375e+01 -3.887693106088638306e+06
6.252719879150390625e+01 -7.276581452540397644e+06
6.252740097045898438e+01 -9.652494309391021729e+06
6.252759933471679688e+01 -1.079708614320802689e+07
6.252780151367187500e+01 -1.196264990467309952e+07
6.252799987792968750e+01 -1.274416836923074722e+07
6.252819824218750000e+01 -1.198395626113748550e+07
6.252840042114257812e+01 -1.044344255915927887e+07
6.252859878540039062e+01 -2.600958018445968628e+04
6.252880096435546875e+01 2.554558908589601517e+07
6.252899932861328125e+01 6.289488640442276001e+07
6.252920150756835938e+01 1.716557517500648499e+08
6.252939987182617188e+01 2.616546855384616852e+08
6.252959823608398438e+01 2.287178259922313690e+08
6.252980041503906250e+01 1.432266949340639114e+08
6.252999877929687500e+01 4.105140510060405731e+07
6.253020095825195312e+01 -1.307946286974916458e+08
6.253039932250976562e+01 -2.731721527899270058e+08
6.253060150146484375e+01 -3.032460134410619736e+08
6.253079986572265625e+01 -2.918903492923083305e+08
6.253099822998046875e+01 -2.669032053870754242e+08
6.253120040893554688e+01 -2.464424148768925667e+08
6.253139877319335938e+01 -2.312710463861112595e+08
6.253160095214843750e+01 -2.198023748174662590e+08
6.253179931640625000e+01 -2.133782452189040184e+08
6.253200149536132812e+01 -2.055399211655707359e+08
6.253219985961914062e+01 -1.986631837538466454e+08
6.253239822387695312e+01 -1.901438586329398155e+08
6.253260040283203125e+01 -1.841975877066392899e+08
6.253279876708984375e+01 -1.776244670465130806e+08
6.253300094604492188e+01 -1.742018878558907509e+08
6.253319931030273438e+01 -1.740644094616408348e+08
6.253340148925781250e+01 -1.713459905851573944e+08
6.253359985351562500e+01 -1.683091140923075676e+08
6.253379821777343750e+01 -1.632072529999976158e+08
6.253400039672851562e+01 -1.590761876391181946e+08
6.253419876098632812e+01 -1.554692322272229195e+08
6.253440093994140625e+01 -1.539715953932299614e+08
6.253459930419921875e+01 -1.555106491765179634e+08
6.253480148315429688e+01 -1.580987834452357292e+08
6.253499984741210938e+01 -1.616022606769227982e+08
6.253519821166992188e+01 -1.617895939333364964e+08
6.253540039062500000e+01 -1.629333375676217079e+08
6.253559875488281250e+01 -1.631270014526174068e+08
6.253580093383789062e+01 -1.626235799469764233e+08
6.253599929809570312e+01 -1.619195925882699490e+08
6.253620147705078125e+01 -1.592688606369147301e+08
6.253639984130859375e+01 -1.580515958153843880e+08
6.253659820556640625e+01 -1.517631835773584843e+08
6.253680038452148438e+01 -1.444623153388237953e+08
6.253699874877929688e+01 -1.362386884777994156e+08
6.253720092773437500e+01 -1.287479596865906715e+08
6.253739929199218750e+01 -1.225147995189714432e+08
6.253760147094726562e+01 -1.144296631087150574e+08
6.253779983520507812e+01 -1.088152024615385532e+08
6.253799819946289062e+01 -1.036973471842093468e+08
6.253820037841796875e+01 -9.870193760179150105e+07
6.253839874267578125e+01 -9.329265268879938126e+07
6.253860092163085938e+01 -9.004065854491686821e+07
6.253879928588867188e+01 -8.717323891393744946e+07
6.253900146484375000e+01 -8.172903766324126720e+07
6.253919982910156250e+01 -7.802555470769238472e+07
6.253939819335937500e+01 -7.474569751602470875e+07
6.253960037231445312e+01 -7.224293529009044170e+07
6.253979873657226562e+01 -7.065452400757479668e+07
6.254000091552734375e+01 -6.938434450515735149e+07
6.254019927978515625e+01 -6.753209105710685253e+07
6.254040145874023438e+01 -6.470632892377352715e+07
6.254059982299804688e+01 -6.269747987692320347e+07
6.254079818725585938e+01 -5.832885538094413280e+07
6.254100036621093750e+01 -5.570632101376461983e+07
6.254119873046875000e+01 -5.388454857717877626e+07
6.254140090942382812e+01 -5.109819626538395882e+07
6.254159927368164062e+01 -4.837381999483591318e+07
6.254180145263671875e+01 -4.590962468465268612e+07
6.254199981689453125e+01 -4.465954658461540937e+07
6.254219818115234375e+01 -4.091509221920520067e+07
6.254240036010742188e+01 -3.726179540103667974e+07
6.254259872436523438e+01 -3.368783174188131094e+07
6.254280090332031250e+01 -3.322949376796180010e+07
6.254299926757812500e+01 -3.300904609112453461e+07
6.254320144653320312e+01 -3.068518266665560007e+07
6.254339981079101562e+01 -3.049512566153842211e+07
6.254359817504882812e+01 -2.868023638961088657e+07
6.254380035400390625e+01 -2.411767880895155668e+07
6.254399871826171875e+01 -1.869978618692106009e+07
6.254420089721679688e+01 -1.674375969138985872e+07
6.254439926147460938e+01 -1.483293631385171413e+07
6.254460144042968750e+01 -1.177863538491395116e+07
6.254479980468750000e+01 -9.846551630769193172e+06
6.254499816894531250e+01 -8.431084028142929077e+06
6.254520034790039062e+01 -6.016647991219878197e+06
6.254539871215820312e+01 -3.920580897599011660e+06
6.254560089111328125e+01 -4.824370724412173033e+06
6.254579925537109375e+01 -4.566499224106729031e+06
6.254600143432617188e+01 -4.112009989821016788e+06
6.254619979858398438e+01 -3.447043938461542130e+06
6.254639816284179688e+01 -1.793254320381492376e+06
6.254660034179687500e+01 -2.265917716718524694e+06
6.254679870605468750e+01 -2.215308674202799797e+06
6.254700088500976562e+01 -2.000316010759562254e+06
6.254719924926757812e+01 -4.640440836635589600e+06
6.254740142822265625e+01 -7.182628787990897894e+06
6.254759979248046875e+01 -7.684816738461554050e+06
6.254779815673828125e+01 -7.016599222768634558e+06
6.254800033569335938e+01 -7.228216287091016769e+06
6.254819869995117188e+01 -8.790513563928395510e+06
6.254840087890625000e+01 -9.481978603635340929e+06
6.254859924316406250e+01 -9.541467097004622221e+06
6.254880142211914062e+01 -1.134399329187646508e+07
6.254899978637695312e+01 -1.220362240000003576e+07
6.254919815063476562e+01 -1.216938934043264389e+07
6.254940032958984375e+01 -1.220377751098206639e+07
6.254959869384765625e+01 -1.167804321448615193e+07
6.254980087280273438e+01 -1.231908698181211948e+07
6.254999923706054688e+01 -1.300849979360011220e+07
6.255020141601562500e+01 -1.300689946539500356e+07
6.255039978027343750e+01 -1.291458363076922297e+07
6.255059814453125000e+01 -1.205675008990809321e+07
6.255080032348632812e+01 -1.175156253122675419e+07
6.255099868774414062e+01 -1.223356935961848497e+07
6.255120086669921875e+01 -9.914803129581838846e+06
6.255139923095703125e+01 -9.104890045952036977e+06
6.255160140991210938e+01 -1.071829124272859097e+07
6.255179977416992188e+01 -1.063162289230768383e+07
6.255199813842773438e+01 -9.068989941419586539e+06
6.255220031738281250e+01 -9.147926875632047653e+06
6.255239868164062500e+01 -7.544571706970766187e+06
6.255260086059570312e+01 -3.790193785798624158e+06
6.255279922485351562e+01 -2.316633607254132628e+06
6.255300140380859375e+01 -4.146663579415306449e+06
6.255319976806640625e+01 -5.737863876923069358e+06
6.255339813232421875e+01 -6.416280878833368421e+06
6.255360031127929688e+01 -7.771499436489060521e+06
6.255379867553710938e+01 -7.643699452302157879e+06
6.255400085449218750e+01 -5.731934456551238894e+06
6.255419921875000000e+01 -3.415776586434438825e+06
6.255440139770507812e+01 -3.363378262624904513e+06
6.255459976196289062e+01 -3.607552984615400434e+06
6.255479812622070312e+01 -2.785495094494447112e+06
6.255500030517578125e+01 -1.589344190465122461e+06
6.255519866943359375e+01 -6.937329240500181913e+05
6.255540084838867188e+01 -8.764874230976551771e+05
6.255559921264648438e+01 -1.691538723439082503e+06
6.255580139160156250e+01 -1.441524716113075614e+06
6.255599975585937500e+01 -9.687049846153855324e+05
6.255619812011718750e+01 -1.531102901707097888e+06
6.255640029907226562e+01 -2.420972855113685131e+06
6.255659866333007812e+01 -1.253696320774070919e+06
6.255680084228515625e+01 -2.206186626856029034e+04
6.255699920654296875e+01 1.064576596254035830e+05
6.255720138549804688e+01 1.114037671711891890e+05
6.255739974975585938e+01 9.816221538461595774e+05
6.255759811401367188e+01 9.151557784726023674e+05
6.255780029296875000e+01 -3.917378373515754938e+05
6.255799865722656250e+01 -1.260561484575308859e+06
6.255820083618164062e+01 -7.422698485313355923e+05
6.255839920043945312e+01 1.090049806455180049e+06
6.255860137939453125e+01 1.578918265356272459e+06
6.255879974365234375e+01 1.210361107692301273e+06
6.255899810791015625e+01 1.739005608968138695e+06
6.255920028686523438e+01 8.505431491879373789e+05
6.255939865112304688e+01 3.751672038150429726e+05
6.255960083007812500e+01 -7.072729262948185205e+05
6.255979919433593750e+01 -2.315716556124135852e+06
6.256000137329101562e+01 -1.441904554365873337e+06
6.256019973754882812e+01 -1.746663384615391493e+06
6.256039810180664062e+01 -2.383126617668122053e+06
6.256060028076171875e+01 -1.522672883455671370e+06
6.256079864501953125e+01 -6.294125664745420218e+05
6.256100082397460938e+01 -1.498201923251084983e+06
6.256119918823242188e+01 -1.370278507042646408e+06
6.256140136718750000e+01 -1.547219142940081656e+06
6.256159973144531250e+01 -1.658013538461543620e+06
6.256179809570312500e+01 -1.038250084567002952e+06
6.256200027465820312e+01 -8.528615049333050847e+05
6.256219863891601562e+01 5.444693535033538938e+05
6.256240081787109375e+01 2.138912128008835018e+06
6.256259918212890625e+01 3.708443095412261784e+06
6.256280136108398438e+01 8.640147736540213227e+05
6.256299972534179688e+01 -2.201442445968627930e+06
6.256320190429687500e+01 -2.158731574759833515e+06
6.256340026855468750e+01 -4.181274584615387022e+06
6.256359863281250000e+01 -6.327274953824035823e+06
6.256380081176757812e+01 -4.197101935802057385e+06
6.256399917602539062e+01 7.017556112516671419e+04
6.256420135498046875e+01 7.369140390738770366e+05
6.256439971923828125e+01 8.374872157135829329e+05
6.256460189819335938e+01 1.226076845780685544e+05
6.256480026245117188e+01 7.424157538461610675e+05
6.256499862670898438e+01 1.465335194902203977e+06
6.256520080566406250e+01 -3.426079865092039108e+04
6.256539916992187500e+01 8.611026468836814165e+05
6.256560134887695312e+01 1.625346836187712848e+06
6.256579971313476562e+01 2.230314922153562307e+06
6.256600189208984375e+01 1.563290174314744771e+06
6.256620025634765625e+01 2.174070153846144676e+05
6.256639862060546875e+01 8.022463601022958755e+05
6.256660079956054688e+01 1.393660073215842247e+06
6.256679916381835938e+01 -3.805441500366330147e+05
6.256700134277343750e+01 -1.686695253333337605e+06
6.256719970703125000e+01 -5.784862039173319936e+05
6.256740188598632812e+01 -2.515349514686569571e+06
6.256760025024414062e+01 -3.720837907692305744e+06
6.256779861450195312e+01 -1.456642974193111062e+06
6.256800079345703125e+01 -6.220390134605094790e+05
6.256819915771484375e+01 -6.134580958684086800e+05
6.256840133666992188e+01 -1.806349198977127671e+05
6.256859970092773438e+01 9.529446725551187992e+05
6.256880187988281250e+01 -1.362871352547407150e+04
6.256900024414062500e+01 -1.472310153846152127e+06
6.256919860839843750e+01 -9.455865152809470892e+05
6.256940078735351562e+01 5.644593876563012600e+03
6.256959915161132812e+01 3.564039530140310526e+05
6.256980133056640625e+01 7.067744426843598485e+05
6.256999969482421875e+01 1.201975138461534865e+06
