# Time (s), Smoothed Ip (A)
6.252500152587890625e+01 1.185786824999999953e+06
6.252519989013671875e+01 1.185995350000000093e+06
6.252539825439453125e+01 1.186307074999999953e+06
6.252560043334960938e+01 1.186531199999999953e+06
6.252579879760742188e+01 1.186933774999999907e+06
6.252600097656250000e+01 1.187354074999999953e+06
6.252619934082031250e+01 1.187787024999999907e+06
6.252640151977539062e+01 1.188109899999999907e+06
6.252659988403320312e+01 1.188868550000000047e+06
6.252679824829101562e+01 1.189264625000000000e+06
6.252700042724609375e+01 1.189086250000000000e+06
6.252719879150390625e+01 1.187975574999999953e+06
6.252740097045898438e+01 1.187443149999999907e+06
6.252759933471679688e+01 1.186432375000000000e+06
6.252780151367187500e+01 1.186017975000000093e+06
6.252799987792968750e+01 1.185449399999999907e+06
6.252819824218750000e+01 1.185520850000000093e+06
6.252840042114257812e+01 1.185051225000000093e+06
6.252859878540039062e+01 1.184434824999999953e+06
6.252880096435546875e+01 1.183729375000000000e+06
6.252899932861328125e+01 1.182580699999999953e+06
6.252920150756835938e+01 1.181410925000000047e+06
6.252939987182617188e+01 1.179818675000000047e+06
6.252959823608398438e+01 1.177734875000000000e+06
6.252980041503906250e+01 1.175716250000000000e+06
6.252999877929687500e+01 1.174655524999999907e+06
6.253020095825195312e+01 1.175137600000000093e+06
6.253039932250976562e+01 1.178923925000000047e+06
6.253060150146484375e+01 1.188877024999999907e+06
6.253079986572265625e+01 1.211168250000000000e+06
6.253099822998046875e+01 1.241961875000000000e+06
6.253120040893554688e+01 1.262848125000000000e+06
6.253139877319335938e+01 1.269454199999999953e+06
6.253160095214843750e+01 1.260029925000000047e+06
6.253179931640625000e+01 1.229107425000000047e+06
6.253200149536132812e+01 1.180275725000000093e+06
6.253219985961914062e+01 1.131575449999999953e+06
6.253239822387695312e+01 1.086216037500000093e+06
6.253260040283203125e+01 1.044010449999999953e+06
6.253279876708984375e+01 1.003854849999999977e+06
6.253300094604492188e+01 9.659987750000000233e+05
6.253319931030273438e+01 9.301485250000000233e+05
6.253340148925781250e+01 8.968314124999999767e+05
6.253359985351562500e+01 8.652217624999999534e+05
6.253379821777343750e+01 8.352482249999999767e+05
6.253400039672851562e+01 8.072246250000000000e+05
6.253419876098632812e+01 7.806022750000000233e+05
6.253440093994140625e+01 7.550151125000000466e+05
6.253459930419921875e+01 7.306956374999999534e+05
6.253480148315429688e+01 7.069120000000000000e+05
6.253499984741210938e+01 6.833888125000000000e+05
6.253519821166992188e+01 6.602897249999999767e+05
6.253540039062500000e+01 6.369757375000000466e+05
6.253559875488281250e+01 6.133288750000000000e+05
6.253580093383789062e+01 5.896345124999999534e+05
6.253599929809570312e+01 5.659428687500000233e+05
6.253620147705078125e+01 5.426166374999999534e+05
6.253639984130859375e+01 5.189938750000000000e+05
6.253659820556640625e+01 4.962647687499999884e+05
6.253680038452148438e+01 4.726739874999999884e+05
6.253699874877929688e+01 4.501709312500000233e+05
6.253720092773437500e+01 4.283836062500000116e+05
6.253739929199218750e+01 4.075757625000000116e+05
6.253760147094726562e+01 3.856425374999999767e+05
6.253779983520507812e+01 3.657203750000000000e+05
6.253799819946289062e+01 3.463720374999999767e+05
6.253820037841796875e+01 3.268409812500000116e+05
6.253839874267578125e+01 3.087951062500000116e+05
6.253860092163085938e+01 2.925182999999999884e+05
6.253879928588867188e+01 2.776097656250000000e+05
6.253900146484375000e+01 2.635700468750000000e+05
6.253919982910156250e+01 2.507274750000000058e+05
6.253939819335937500e+01 2.387590125000000116e+05
6.253960037231445312e+01 2.273476156250000058e+05
6.253979873657226562e+01 2.169007374999999884e+05
6.254000091552734375e+01 2.064481312500000058e+05
6.254019927978515625e+01 1.970751593749999884e+05
6.254040145874023438e+01 1.877472625000000116e+05
6.254059982299804688e+01 1.792819624999999942e+05
6.254079818725585938e+01 1.707467593749999942e+05
6.254100036621093750e+01 1.631773781249999884e+05
6.254119873046875000e+01 1.559802687499999884e+05
6.254140090942382812e+01 1.488245375000000058e+05
6.254159927368164062e+01 1.427224562499999884e+05
6.254180145263671875e+01 1.370606296875000116e+05
6.254199981689453125e+01 1.316428859374999884e+05
6.254219818115234375e+01 1.261828312500000029e+05
6.254240036010742188e+01 1.218088109375000058e+05
6.254259872436523438e+01 1.175136703125000058e+05
6.254280090332031250e+01 1.137740437499999971e+05
6.254299926757812500e+01 1.104712484375000058e+05
6.254320144653320312e+01 1.079723234375000029e+05
6.254339981079101562e+01 1.053595843750000058e+05
6.254359817504882812e+01 1.033676718750000000e+05
6.254380035400390625e+01 1.007721250000000000e+05
6.254399871826171875e+01 9.848142187500000000e+04
6.254420089721679688e+01 9.621722968750000291e+04
6.254439926147460938e+01 9.423425625000000582e+04
6.254460144042968750e+01 9.202823906249999709e+04
6.254479980468750000e+01 9.080265781249999418e+04
6.254499816894531250e+01 8.907199687499999709e+04
6.254520034790039062e+01 8.818837812500000291e+04
6.254539871215820312e+01 8.705226875000000291e+04
6.254560089111328125e+01 8.595951406250000582e+04
6.254579925537109375e+01 8.446546562499999709e+04
6.254600143432617188e+01 8.371975468749999709e+04
6.254619979858398438e+01 8.202673437500000000e+04
6.254639816284179688e+01 8.073503281249999418e+04
6.254660034179687500e+01 7.975774531250000291e+04
6.254679870605468750e+01 7.824492343749999418e+04
6.254700088500976562e+01 7.537008125000000291e+04
6.254719924926757812e+01 7.197056093750000582e+04
6.254740142822265625e+01 6.848190625000000000e+04
6.254759979248046875e+01 6.432695312500000000e+04
6.254779815673828125e+01 6.049243046874999709e+04
6.254800033569335938e+01 5.712516953125000146e+04
6.254819869995117188e+01 5.433258906250000291e+04
6.254840087890625000e+01 5.115384375000000000e+04
6.254859924316406250e+01 4.831303671875000146e+04
6.254880142211914062e+01 4.543449218750000000e+04
6.254899978637695312e+01 4.336070937499999854e+04
6.254919815063476562e+01 4.109653828125000291e+04
6.254940032958984375e+01 3.941527890625000146e+04
6.254959869384765625e+01 3.767602890625000146e+04
6.254980087280273438e+01 3.664316093749999709e+04
6.254999923706054688e+01 3.540889921874999709e+04
6.255020141601562500e+01 3.514566953125000146e+04
6.255039978027343750e+01 3.452549375000000146e+04
6.255059814453125000e+01 3.419806250000000000e+04
6.255080032348632812e+01 3.369961250000000291e+04
6.255099868774414062e+01 3.371768906250000146e+04
6.255120086669921875e+01 3.285636875000000146e+04
6.255139923095703125e+01 3.281983281249999709e+04
6.255160140991210938e+01 3.241183476562500073e+04
6.255179977416992188e+01 3.245189882812499854e+04
6.255199813842773438e+01 3.214467109374999927e+04
6.255220031738281250e+01 3.249628906250000000e+04
6.255239868164062500e+01 3.176850976562500000e+04
6.255260086059570312e+01 3.190233906249999927e+04
6.255279922485351562e+01 3.142822695312499854e+04
6.255300140380859375e+01 3.085794023437500073e+04
6.255319976806640625e+01 2.998507695312500073e+04
6.255339813232421875e+01 2.938845078125000146e+04
6.255360031127929688e+01 2.829762578125000073e+04
6.255379867553710938e+01 2.729189296874999854e+04
6.255400085449218750e+01 2.686660976562499854e+04
6.255419921875000000e+01 2.641202070312499927e+04
6.255440139770507812e+01 2.569904960937500073e+04
6.255459976196289062e+01 2.486474179687500146e+04
6.255479812622070312e+01 2.418870351562499854e+04
6.255500030517578125e+01 2.319620468750000146e+04
6.255519866943359375e+01 2.230844023437500073e+04
6.255540084838867188e+01 2.164266562500000146e+04
6.255559921264648438e+01 2.131250703124999927e+04
6.255580139160156250e+01 2.100655742187500073e+04
6.255599975585937500e+01 2.065793046875000073e+04
6.255619812011718750e+01 2.064166484375000073e+04
6.255640029907226562e+01 2.124291328124999927e+04
6.255659866333007812e+01 2.212606210937500146e+04
6.255680084228515625e+01 2.161013320312499854e+04
6.255699920654296875e+01 2.107935976562499854e+04
6.255720138549804688e+01 2.085231328125000073e+04
6.255739974975585938e+01 2.041792890624999927e+04
6.255759811401367188e+01 1.926456015625000146e+04
6.255780029296875000e+01 1.963574335937499927e+04
6.255799865722656250e+01 2.045622421875000146e+04
6.255820083618164062e+01 1.996512773437500073e+04
6.255839920043945312e+01 2.030498164062499927e+04
6.255860137939453125e+01 2.019014648437500000e+04
6.255879974365234375e+01 2.024349882812500073e+04
6.255899810791015625e+01 1.967107695312500073e+04
6.255920028686523438e+01 1.972867070312500073e+04
6.255939865112304688e+01 1.943889492187499854e+04
6.255960083007812500e+01 1.945023710937500073e+04
6.255979919433593750e+01 1.935371835937500146e+04
6.256000137329101562e+01 1.914315312500000073e+04
6.256019973754882812e+01 1.963137226562499927e+04
6.256039810180664062e+01 1.891422851562500000e+04
6.256060028076171875e+01 1.861686835937499927e+04
6.256079864501953125e+01 1.852490664062499854e+04
6.256100082397460938e+01 1.841841015625000000e+04
6.256119918823242188e+01 1.791072187499999927e+04
6.256140136718750000e+01 1.746102539062500000e+04
6.256159973144531250e+01 1.744770468750000146e+04
6.256179809570312500e+01 1.696746640625000146e+04
6.256200027465820312e+01 1.678470156249999854e+04
6.256219863891601562e+01 1.668726992187499854e+04
6.256240081787109375e+01 1.704278945312499854e+04
6.256259918212890625e+01 1.685097070312500000e+04
6.256280136108398438e+01 1.676368359375000000e+04
6.256299972534179688e+01 1.711615156249999927e+04
6.256320190429687500e+01 1.678532343749999927e+04
6.256340026855468750e+01 1.700554062500000146e+04
6.256359863281250000e+01 1.741735195312499854e+04
6.256380081176757812e+01 1.771599687500000073e+04
6.256399917602539062e+01 1.782175351562500146e+04
6.256420135498046875e+01 1.794926210937499854e+04
6.256439971923828125e+01 1.794730039062500146e+04
6.256460189819335938e+01 1.751190273437499854e+04
6.256480026245117188e+01 1.785082812500000000e+04
6.256499862670898438e+01 1.719729121093749927e+04
6.256520080566406250e+01 1.742027128906250073e+04
6.256539916992187500e+01 1.732709628906250146e+04
6.256560134887695312e+01 1.741423964843749854e+04
6.256579971313476562e+01 1.745461152343749927e+04
6.256600189208984375e+01 1.794042656250000073e+04
6.256620025634765625e+01 1.807098906250000073e+04
6.256639862060546875e+01 1.857306874999999854e+04
6.256660079956054688e+01 1.954481406250000146e+04
6.256679916381835938e+01 2.001678515625000000e+04
6.256700134277343750e+01 1.987098867187499854e+04
6.256719970703125000e+01 1.918809960937500000e+04
6.256740188598632812e+01 1.849856289062499854e+04
6.256760025024414062e+01 1.793454101562500000e+04
6.256779861450195312e+01 1.717874101562500073e+04
6.256800079345703125e+01 1.727421523437499854e+04
6.256819915771484375e+01 1.752374921874999927e+04
6.256840133666992188e+01 1.748668359375000000e+04
6.256859970092773438e+01 1.714268710937500146e+04
6.256880187988281250e+01 1.691389921875000073e+04
6.256900024414062500e+01 1.680960820312500073e+04
6.256919860839843750e+01 1.678962304687500000e+04
6.256940078735351562e+01 1.681817226562499854e+04
6.256959915161132812e+01 1.689216210937500000e+04
6.256980133056640625e+01 1.701929492187500000e+04
6.256999969482421875e+01 1.705966796875000000e+04
