# Time (s), dIp/dt (A/s)
6.252500152587890625e+01 3.021461661537757143e+06
6.252519989013671875e+01 1.957257846153736115e+06
6.252539825439453125e+01 1.837137501029968262e+06
6.252560043334960938e+01 9.918143233013153076e+05
6.252579879760742188e+01 -6.415147330155372620e+05
6.252600097656250000e+01 -1.652111060634613037e+06
6.252619934082031250e+01 -1.654499326726436615e+06
6.252640151977539062e+01 -2.374309061525344849e+06
6.252659988403320312e+01 -3.381279507692337036e+06
6.252679824829101562e+01 -3.814583257004261017e+06
6.252700042724609375e+01 -6.062374434147357941e+06
6.252719879150390625e+01 -8.286462541388511658e+06
6.252740097045898438e+01 -1.061071958695650101e+07
6.252759933471679688e+01 -1.326359331403684616e+07
6.252780151367187500e+01 -1.528790313030052185e+07
6.252799987792968750e+01 -1.427960123076915741e+07
6.252819824218750000e+01 -7.422387389314651489e+06
6.252840042114257812e+01 1.026781950885343552e+07
6.252859878540039062e+01 4.651937175151252747e+07
6.252880096435546875e+01 1.276111071384730339e+08
6.252899932861328125e+01 2.081924298223905563e+08
6.252920150756835938e+01 2.314042103609981537e+08
6.252939987182617188e+01 1.755767414153842926e+08
6.252959823608398438e+01 7.104494753147697449e+07
6.252980041503906250e+01 -6.739345370632362366e+07
6.252999877929687500e+01 -2.039786976754169464e+08
6.253020095825195312e+01 -2.849988019743175507e+08
6.253039932250976562e+01 -2.920626806974802017e+08
6.253060150146484375e+01 -2.668701033659043312e+08
6.253079986572265625e+01 -2.528182902153844833e+08
6.253099822998046875e+01 -2.345803353293027878e+08
6.253120040893554688e+01 -2.214644668129653931e+08
6.253139877319335938e+01 -2.092448727362718582e+08
6.253160095214843750e+01 -1.987342510665283203e+08
6.253179931640625000e+01 -1.920700088693680763e+08
6.253200149536132812e+01 -1.897866566103200912e+08
6.253219985961914062e+01 -1.898152566153845787e+08
6.253239822387695312e+01 -1.840250594420843124e+08
6.253260040283203125e+01 -1.811584163780550957e+08
6.253279876708984375e+01 -1.778501167027993202e+08
6.253300094604492188e+01 -1.695630486928358078e+08
6.253319931030273438e+01 -1.630404490461874008e+08
6.253340148925781250e+01 -1.609420907516818047e+08
6.253359985351562500e+01 -1.599137634461536407e+08
6.253379821777343750e+01 -1.560867981020278931e+08
6.253400039672851562e+01 -1.561875651033463478e+08
6.253419876098632812e+01 -1.564307395815496445e+08
6.253440093994140625e+01 -1.557590231882896423e+08
6.253459930419921875e+01 -1.554015487444438934e+08
6.253480148315429688e+01 -1.548742077990961075e+08
6.253499984741210938e+01 -1.560666112000002861e+08
6.253519821166992188e+01 -1.516844800456478596e+08
6.253540039062500000e+01 -1.447253226326074600e+08
6.253559875488281250e+01 -1.380098551896605492e+08
6.253580093383789062e+01 -1.297850985924444199e+08
6.253599929809570312e+01 -1.173993975471975803e+08
6.253620147705078125e+01 -1.052507395662448406e+08
6.253639984130859375e+01 -9.764047950769233704e+07
6.253659820556640625e+01 -8.869872989542889595e+07
6.253680038452148438e+01 -8.233641339550209045e+07
6.253699874877929688e+01 -8.016177464387607574e+07
6.253720092773437500e+01 -8.190366330966353416e+07
6.253739929199218750e+01 -9.054545106829786301e+07
6.253760147094726562e+01 -1.114338810826566219e+08
6.253779983520507812e+01 -1.365868071384615898e+08
6.253799819946289062e+01 -1.523852632220830917e+08
6.253820037841796875e+01 -1.620926751957094669e+08
6.253839874267578125e+01 -1.619988132764284611e+08
6.253860092163085938e+01 -1.469853411779665947e+08
6.253879928588867188e+01 -1.250414164990087748e+08
6.253900146484375000e+01 -1.058544315765179396e+08
6.253919982910156250e+01 -9.215718006153857708e+07
6.253939819335937500e+01 -7.962444467867016792e+07
6.253960037231445312e+01 -7.066391084834051132e+07
6.253979873657226562e+01 -6.444004348532187939e+07
6.254000091552734375e+01 -5.953884055257451534e+07
6.254019927978515625e+01 -5.561863954772269726e+07
6.254040145874023438e+01 -5.161848699797916412e+07
6.254059982299804688e+01 -4.826936713846147060e+07
6.254079818725585938e+01 -4.586933706956386566e+07
6.254100036621093750e+01 -4.273480900392293930e+07
6.254119873046875000e+01 -3.943108683867579699e+07
6.254140090942382812e+01 -3.805976659369415045e+07
6.254159927368164062e+01 -3.633148865083694458e+07
6.254180145263671875e+01 -3.785803079178935289e+07
6.254199981689453125e+01 -4.122030080000007153e+07
6.254219818115234375e+01 -4.041623678398782015e+07
6.254240036010742188e+01 -3.921905610354822874e+07
6.254259872436523438e+01 -3.861958600514757633e+07
6.254280090332031250e+01 -3.373702242302304506e+07
6.254299926757812500e+01 -2.932489218618565798e+07
6.254320144653320312e+01 -2.971882738677167892e+07
6.254339981079101562e+01 -2.891313230769234896e+07
6.254359817504882812e+01 -2.600611746580970287e+07
6.254380035400390625e+01 -2.490440779372179508e+07
6.254399871826171875e+01 -2.393645962164634466e+07
6.254420089721679688e+01 -1.918636743117010593e+07
6.254439926147460938e+01 -1.512508649618351460e+07
6.254460144042968750e+01 -1.417266657178795338e+07
6.254479980468750000e+01 -1.262870055384618044e+07
6.254499816894531250e+01 -1.021735924605709314e+07
6.254520034790039062e+01 -8.071670996386766434e+06
6.254539871215820312e+01 -7.974502247132480145e+06
6.254560089111328125e+01 -8.765354626326650381e+06
6.254579925537109375e+01 -6.803298348303288221e+06
6.254600143432617188e+01 -5.884841165592640638e+06
6.254619979858398438e+01 -8.797554215384632349e+06
6.254639816284179688e+01 -8.239394000989675522e+06
6.254660034179687500e+01 -5.503226391319394112e+06
6.254679870605468750e+01 -6.092286099064201117e+06
6.254700088500976562e+01 -6.120793808954328299e+06
6.254719924926757812e+01 -5.374870181712627411e+06
6.254740142822265625e+01 -5.936722552701652050e+06
6.254759979248046875e+01 -6.507279753846168518e+06
6.254779815673828125e+01 -6.382159434487491846e+06
6.254800033569335938e+01 -6.769748985842823982e+06
6.254819869995117188e+01 -6.878392128915607929e+06
6.254840087890625000e+01 -7.094979156607896090e+06
6.254859924316406250e+01 -7.988033753553092480e+06
6.254880142211914062e+01 -8.216485077802240849e+06
6.254899978637695312e+01 -9.043680492307692766e+06
6.254919815063476562e+01 -9.672907799283981323e+06
6.254940032958984375e+01 -1.030686042287373543e+07
6.254959869384765625e+01 -1.156323765370929241e+07
6.254980087280273438e+01 -1.142906454660305381e+07
6.254999923706054688e+01 -1.050879749467134476e+07
6.255020141601562500e+01 -1.069500810624644160e+07
6.255039978027343750e+01 -1.105024393846154213e+07
6.255059814453125000e+01 -1.054530298922109604e+07
6.255080032348632812e+01 -1.164582384607094526e+07
6.255099868774414062e+01 -1.247560470098558068e+07
6.255120086669921875e+01 -1.251006642699286342e+07
6.255139923095703125e+01 -1.199216862861013412e+07
6.255160140991210938e+01 -9.373230526925146580e+06
6.255179977416992188e+01 -9.978106092307701707e+06
6.255199813842773438e+01 -1.239760375896610320e+07
6.255220031738281250e+01 -1.300482791955213249e+07
6.255239868164062500e+01 -1.372739323275969923e+07
6.255260086059570312e+01 -1.488053606177069247e+07
6.255279922485351562e+01 -1.342565334881471097e+07
6.255300140380859375e+01 -9.606143063686504960e+06
6.255319976806640625e+01 -7.958790892307683825e+06
6.255339813232421875e+01 -8.691050089697971940e+06
6.255360031127929688e+01 -8.361171752994671464e+06
6.255379867553710938e+01 -6.047483480146512389e+06
6.255400085449218750e+01 -3.862538483809530735e+06
6.255419921875000000e+01 -3.194289001114115119e+06
6.255440139770507812e+01 -1.964818468659907579e+06
6.255459976196289062e+01 -1.287313723076909781e+06
6.255479812622070312e+01 -1.249635753127366304e+06
6.255500030517578125e+01 -2.153687000013813376e+06
6.255519866943359375e+01 -2.150802135323800147e+06
6.255540084838867188e+01 -2.361495908549427986e+05
6.255559921264648438e+01 9.596837549851387739e+05
6.255580139160156250e+01 1.310972693886235356e+06
6.255599975585937500e+01 8.516164923076927662e+05
6.255619812011718750e+01 1.416125910279914737e+06
6.255640029907226562e+01 1.739897155994191766e+06
6.255659866333007812e+01 7.956460183841437101e+05
6.255680084228515625e+01 -5.666944967806935310e+05
6.255699920654296875e+01 -3.297164974275827408e+05
6.255720138549804688e+01 1.751631954661756754e+05
6.255739974975585938e+01 4.798611692307591438e+05
6.255759811401367188e+01 5.994443239477574825e+05
6.255780029296875000e+01 5.172152859990447760e+05
6.255799865722656250e+01 8.358794490178823471e+05
6.255820083618164062e+01 8.849041616918891668e+05
6.255839920043945312e+01 2.519100112671241164e+06
6.255860137939453125e+01 1.358918821535706520e+06
6.255879974365234375e+01 -1.205815138461530209e+06
6.255899810791015625e+01 -1.001214793337494135e+06
6.255920028686523438e+01 -3.077451780883267522e+06
6.255939865112304688e+01 -6.226828422608338296e+06
6.255960083007812500e+01 -4.294603081655964255e+06
6.255979919433593750e+01 -1.805372466885074973e+06
6.256000137329101562e+01 -4.182413505419850349e+06
6.256019973754882812e+01 -2.915927630769222975e+06
6.256039810180664062e+01 -6.572786429470777512e+04
6.256060028076171875e+01 -1.536070653452210128e+06
6.256079864501953125e+01 -2.285541276848427951e+06
6.256100082397460938e+01 -2.517925061524659395e+05
6.256119918823242188e+01 7.484116107208430767e+05
6.256140136718750000e+01 1.729648376728177071e+06
6.256159973144531250e+01 3.692895507692307234e+06
6.256179809570312500e+01 1.028013190749883652e+06
6.256200027465820312e+01 -2.103811214817881584e+06
6.256219863891601562e+01 -1.972491982760377228e+06
6.256240081787109375e+01 -4.410711282394081354e+06
6.256259918212890625e+01 -5.071555800633072853e+06
6.256280136108398438e+01 -4.337589385085329413e+05
6.256299972534179688e+01 4.481528060089841485e+06
6.256320190429687500e+01 3.103810478258341551e+06
6.256340026855468750e+01 1.713049600000001490e+06
6.256359863281250000e+01 2.094699831750638783e+06
6.256380081176757812e+01 9.595015524832457304e+05
6.256399917602539062e+01 3.242218152685090899e+05
6.256420135498046875e+01 -2.201962883406132460e+04
6.256439971923828125e+01 1.779075552046447992e+06
6.256460189819335938e+01 2.277698061057433486e+06
6.256480026245117188e+01 1.973291323076918721e+06
6.256499862670898438e+01 7.091146492832899094e+05
6.256520080566406250e+01 8.572821792466714978e+05
6.256539916992187500e+01 6.953671152394786477e+05
6.256560134887695312e+01 -1.377072820291653275e+06
6.256579971313476562e+01 -1.860293875314116478e+06
6.256600189208984375e+01 -1.503207971138298512e+06
6.256620025634765625e+01 -1.127804061538465321e+06
6.256639862060546875e+01 -2.137021891525328159e+06
6.256660079956054688e+01 -2.170017478338509798e+06
6.256679916381835938e+01 -9.072160413573831320e+05
6.256700134277343750e+01 -1.019887098939798772e+06
6.256719970703125000e+01 -1.242407285534583032e+06
6.256740188598632812e+01 -1.739109400699429214e+06
6.256760025024414062e+01 -1.424123076923079789e+06
6.256779861450195312e+01 -5.568225631736740470e+05
6.256800079345703125e+01 -7.959304828806445003e+05
6.256819915771484375e+01 -7.975972935904338956e+05
6.256840133666992188e+01 3.333168772520497441e+05
6.256859970092773438e+01 4.774548596419990063e+05
6.256880187988281250e+01 -2.066059286363944411e+05
6.256900024414062500e+01 -2.855148307692408562e+05
6.256919860839843750e+01 6.582437606469541788e+04
6.256940078735351562e+01 1.989746647093817592e+05
6.256959915161132812e+01 -3.800524831847101450e+04
6.256980133056640625e+01 -3.338115041426643729e+05
6.256999969482421875e+01 -9.202589538461611373e+05
