# Time (s), dIp/dt (A/s)
6.252500152587890625e+01 1.637517784615149954e+06
6.252519989013671875e+01 1.618865230769157410e+06
6.252539825439453125e+01 1.140920137408256531e+06
6.252560043334960938e+01 -6.609897820053100586e+05
6.252579879760742188e+01 -8.012238678998947144e+05
6.252600097656250000e+01 -1.122676657018661499e+05
6.252619934082031250e+01 -1.645645693502426147e+05
6.252640151977539062e+01 7.091311352663040161e+05
6.252659988403320312e+01 1.496048246152877808e+06
6.252679824829101562e+01 8.168420129995346069e+05
6.252700042724609375e+01 7.315972012767791748e+05
6.252719879150390625e+01 1.748386180396080017e+06
6.252740097045898438e+01 3.043916471972465515e+06
6.252759933471679688e+01 4.861325730121612549e+06
6.252780151367187500e+01 6.260867415102958679e+06
6.252799987792968750e+01 6.123141907691955566e+06
6.252819824218750000e+01 5.645034106674194336e+05
6.252840042114257812e+01 -6.011115965155601501e+06
6.252859878540039062e+01 -7.875923119585037231e+06
6.252880096435546875e+01 -7.096123938925743103e+06
6.252899932861328125e+01 -6.656193077326774597e+06
6.252920150756835938e+01 -3.802527581649780273e+06
6.252939987182617188e+01 2.132188553846359253e+06
6.252959823608398438e+01 6.155945633401870728e+05
6.252980041503906250e+01 -4.322370194462776184e+06
6.252999877929687500e+01 -6.205793576889038086e+06
6.253020095825195312e+01 -7.431092322090148926e+06
6.253039932250976562e+01 -9.813418367300987244e+06
6.253060150146484375e+01 -1.159592554971981049e+07
6.253079986572265625e+01 -1.143307027692222595e+07
6.253099822998046875e+01 -1.379858681825065613e+07
6.253120040893554688e+01 -1.591024075876426697e+07
6.253139877319335938e+01 -1.495260729360675812e+07
6.253160095214843750e+01 -1.495038075001716614e+07
6.253179931640625000e+01 -1.777453602218341827e+07
6.253200149536132812e+01 -1.878665912254905701e+07
6.253219985961914062e+01 -1.965046547692298889e+07
6.253239822387695312e+01 -2.292704238094615936e+07
6.253260040283203125e+01 -2.407053155310726166e+07
6.253279876708984375e+01 -2.304651653812122345e+07
6.253300094604492188e+01 -2.095700080244350433e+07
6.253319931030273438e+01 -1.539136100743865967e+07
6.253340148925781250e+01 -1.089240703000259399e+07
6.253359985351562500e+01 -6.198130215384483337e+06
6.253379821777343750e+01 2.552250307985305786e+06
6.253400039672851562e+01 2.739945892102527618e+07
6.253419876098632812e+01 8.711780759222030640e+07
6.253440093994140625e+01 1.521376515775690079e+08
6.253459930419921875e+01 1.435480994849901199e+08
6.253480148315429688e+01 8.182226770183944702e+07
6.253499984741210938e+01 8.758193230769157410e+06
6.253519821166992188e+01 -1.025681568652429581e+08
6.253540039062500000e+01 -2.209303234785766602e+08
6.253559875488281250e+01 -2.630344136351985931e+08
6.253580093383789062e+01 -2.575807177664804459e+08
6.253599929809570312e+01 -2.564862182829933167e+08
6.253620147705078125e+01 -2.555557775246067047e+08
6.253639984130859375e+01 -2.563791005538463593e+08
6.253659820556640625e+01 -2.513274303151612282e+08
6.253680038452148438e+01 -2.465407432904000282e+08
6.253699874877929688e+01 -2.409922500211820602e+08
6.253720092773437500e+01 -2.325817678808159828e+08
6.253739929199218750e+01 -2.198053403792161942e+08
6.253760147094726562e+01 -2.036357355217795372e+08
6.253779983520507812e+01 -1.875303817846155167e+08
6.253799819946289062e+01 -1.653712798929138184e+08
6.253820037841796875e+01 -1.445490895503492355e+08
6.253839874267578125e+01 -1.285278045189027786e+08
6.253860092163085938e+01 -1.121052006941404343e+08
6.253879928588867188e+01 -9.433203062808465958e+07
6.253900146484375000e+01 -7.468850884640073776e+07
6.253919982910156250e+01 -5.922916824615383148e+07
6.253939819335937500e+01 -4.399975596188211441e+07
6.253960037231445312e+01 -3.003054871089410782e+07
6.253979873657226562e+01 -2.475578747833299637e+07
6.254000091552734375e+01 -2.471634584902906418e+07
6.254019927978515625e+01 -2.371309037776231766e+07
6.254040145874023438e+01 -2.580960382186412811e+07
6.254059982299804688e+01 -3.356653095384645462e+07
6.254079818725585938e+01 -3.909234649783086777e+07
6.254100036621093750e+01 -4.633007632171344757e+07
6.254119873046875000e+01 -5.510934247459793091e+07
6.254140090942382812e+01 -6.233269518844413757e+07
6.254159927368164062e+01 -7.254045065209245682e+07
6.254180145263671875e+01 -8.473799716872215271e+07
6.254199981689453125e+01 -9.298036578461503983e+07
6.254219818115234375e+01 -9.553444454088640213e+07
6.254240036010742188e+01 -1.012986478170766830e+08
6.254259872436523438e+01 -1.074584147305712700e+08
6.254280090332031250e+01 -1.101158581204619408e+08
6.254299926757812500e+01 -1.124050417880988121e+08
6.254320144653320312e+01 -1.160485259105896950e+08
6.254339981079101562e+01 -1.257955958153848648e+08
6.254359817504882812e+01 -1.308601473725063801e+08
6.254380035400390625e+01 -1.397751006747772694e+08
6.254399871826171875e+01 -1.677079546946878433e+08
6.254420089721679688e+01 -2.011353080696330070e+08
6.254439926147460938e+01 -2.203687497567489147e+08
6.254460144042968750e+01 -2.491189302437818050e+08
6.254479980468750000e+01 -2.767590636307692528e+08
6.254499816894531250e+01 -2.681368722582957745e+08
6.254520034790039062e+01 -2.512872014691381454e+08
6.254539871215820312e+01 -2.333809468060653210e+08
6.254560089111328125e+01 -1.981463398070909977e+08
6.254579925537109375e+01 -1.607272163241801262e+08
6.254600143432617188e+01 -1.316546005175865889e+08
6.254619979858398438e+01 -1.109788829538460970e+08
6.254639816284179688e+01 -9.229855758791351318e+07
6.254660034179687500e+01 -7.616015614849948883e+07
6.254679870605468750e+01 -6.627763353646004200e+07
6.254700088500976562e+01 -6.054057818818175793e+07
6.254719924926757812e+01 -5.449659625193727016e+07
6.254740142822265625e+01 -4.786739669501411915e+07
6.254759979248046875e+01 -4.331876824615395069e+07
6.254779815673828125e+01 -3.733924146442735195e+07
6.254800033569335938e+01 -3.179501274296212196e+07
6.254819869995117188e+01 -3.426629404538810253e+07
6.254840087890625000e+01 -3.786655141447222233e+07
6.254859924316406250e+01 -3.619948044491255283e+07
6.254880142211914062e+01 -3.631134835641443729e+07
6.254899978637695312e+01 -3.551024049230766296e+07
6.254919815063476562e+01 -2.956478509152537584e+07
6.254940032958984375e+01 -2.651512014441907406e+07
6.254959869384765625e+01 -2.716378699336796999e+07
6.254980087280273438e+01 -2.532644322311145067e+07
6.254999923706054688e+01 -2.622422459669637680e+07
6.255020141601562500e+01 -2.740016564167815447e+07
6.255039978027343750e+01 -2.469275175384610891e+07
6.255059814453125000e+01 -2.416316833271682262e+07
6.255080032348632812e+01 -2.630604159513443708e+07
6.255099868774414062e+01 -2.465278735729074478e+07
6.255120086669921875e+01 -2.337438554747390747e+07
6.255139923095703125e+01 -2.547919813471555710e+07
6.255160140991210938e+01 -2.449617913984382153e+07
6.255179977416992188e+01 -2.252135975384616852e+07
6.255199813842773438e+01 -2.373012365137052536e+07
6.255220031738281250e+01 -2.419221096565622091e+07
6.255239868164062500e+01 -2.298404685654574633e+07
6.255260086059570312e+01 -2.266107080497062206e+07
6.255279922485351562e+01 -2.234368019249981642e+07
6.255300140380859375e+01 -2.016119831000894308e+07
6.255319976806640625e+01 -1.657496812307691574e+07
6.255339813232421875e+01 -1.498179780604606867e+07
6.255360031127929688e+01 -1.449721444956254959e+07
6.255379867553710938e+01 -1.255879205473768711e+07
6.255400085449218750e+01 -1.138221485444462299e+07
6.255419921875000000e+01 -1.163533278666386008e+07
6.255440139770507812e+01 -9.633419613330543041e+06
6.255459976196289062e+01 -7.148933907692313194e+06
6.255479812622070312e+01 -6.722391435261607170e+06
6.255500030517578125e+01 -6.139088702367812395e+06
6.255519866943359375e+01 -5.566651173526883125e+06
6.255540084838867188e+01 -5.454417472721010447e+06
6.255559921264648438e+01 -6.007741218129783869e+06
6.255580139160156250e+01 -6.980184130950331688e+06
6.255599975585937500e+01 -6.664467692307680845e+06
6.255619812011718750e+01 -5.426496482488065958e+06
6.255640029907226562e+01 -5.109683185491770506e+06
6.255659866333007812e+01 -4.945512855788230896e+06
6.255680084228515625e+01 -4.934209171099603176e+06
6.255699920654296875e+01 -6.183570870290964842e+06
6.255720138549804688e+01 -5.767425897397160530e+06
6.255739974975585938e+01 -5.819624369230747223e+06
6.255759811401367188e+01 -6.259766299105733633e+06
6.255780029296875000e+01 -4.289040639911562204e+06
6.255799865722656250e+01 -3.038109727422744036e+06
6.255820083618164062e+01 -4.973655997898966074e+06
6.255839920043945312e+01 -7.789459993442565203e+06
6.255860137939453125e+01 -9.188472874321639538e+06
6.255879974365234375e+01 -1.034377452307692170e+07
6.255899810791015625e+01 -1.124669802211076021e+07
6.255920028686523438e+01 -1.010042169449165463e+07
6.255939865112304688e+01 -8.508856675983130932e+06
6.255960083007812500e+01 -9.165786434224903584e+06
6.255979919433593750e+01 -1.042136757636326551e+07
6.256000137329101562e+01 -1.083688036991637945e+07
6.256019973754882812e+01 -1.225997587692308426e+07
6.256039810180664062e+01 -1.328893987456771731e+07
6.256060028076171875e+01 -1.236434578108781576e+07
6.256079864501953125e+01 -1.346837153749392927e+07
6.256100082397460938e+01 -1.531142281368443370e+07
6.256119918823242188e+01 -1.439246280160894990e+07
6.256140136718750000e+01 -1.322870214285439253e+07
6.256159973144531250e+01 -1.410618683076922596e+07
6.256179809570312500e+01 -1.305072466254751384e+07
6.256200027465820312e+01 -1.111534737082590163e+07
6.256219863891601562e+01 -1.175484389035868645e+07
6.256240081787109375e+01 -1.268019739424148202e+07
6.256259918212890625e+01 -1.184714415549933910e+07
6.256280136108398438e+01 -1.050593691857625544e+07
6.256299972534179688e+01 -9.698184373742483556e+06
6.256320190429687500e+01 -8.794942236892655492e+06
6.256340026855468750e+01 -7.714832738461546600e+06
6.256359863281250000e+01 -7.079009312555119395e+06
6.256380081176757812e+01 -6.869217218782223761e+06
6.256399917602539062e+01 -6.193363749456070364e+06
6.256420135498046875e+01 -4.930670005866326392e+06
6.256439971923828125e+01 -4.120925325614772737e+06
6.256460189819335938e+01 -2.464557801512204111e+06
6.256480026245117188e+01 -1.003176369230769575e+06
6.256499862670898438e+01 -6.649179345414265990e+05
6.256520080566406250e+01 -5.981146689004153013e+05
6.256539916992187500e+01 8.983263618273511529e+05
6.256560134887695312e+01 2.739695802413433790e+06
6.256579971313476562e+01 2.699022559214882553e+06
6.256600189208984375e+01 1.869399495771646500e+06
6.256620025634765625e+01 2.062175507692314684e+06
6.256639862060546875e+01 3.285857806189782917e+06
6.256660079956054688e+01 2.807824861427880824e+06
6.256679916381835938e+01 2.507838163997516036e+06
6.256700134277343750e+01 4.240468782019488513e+06
6.256719970703125000e+01 5.008440812926940620e+06
6.256740188598632812e+01 4.452051425674200058e+06
6.256760025024414062e+01 5.366976984615378082e+06
6.256779861450195312e+01 7.648032112792871892e+06
6.256800079345703125e+01 8.082052055943049490e+06
6.256819915771484375e+01 1.597728774864897132e+06
6.256840133666992188e+01 -3.784130249310940504e+06
6.256859970092773438e+01 -5.344904241044998169e+06
6.256880187988281250e+01 -9.454824395770266652e+06
6.256900024414062500e+01 -1.090136319999999553e+07
6.256919860839843750e+01 -7.120412126206368208e+06
6.256940078735351562e+01 -4.783782853825420141e+06
6.256959915161132812e+01 -4.699178336161457002e+06
6.256980133056640625e+01 -2.953266982022255659e+06
6.256999969482421875e+01 -2.223580553846157622e+06
