# Time (s), Smoothed Ip (A)
6.252500152587890625e+01 1.945647300000000047e+06
6.252519989013671875e+01 1.945972125000000000e+06
6.252539825439453125e+01 1.946289550000000047e+06
6.252560043334960938e+01 1.946425574999999953e+06
6.252579879760742188e+01 1.946034875000000000e+06
6.252600097656250000e+01 1.946113649999999907e+06
6.252619934082031250e+01 1.945993699999999953e+06
6.252640151977539062e+01 1.946051125000000000e+06
6.252659988403320312e+01 1.946274524999999907e+06
6.252679824829101562e+01 1.946644649999999907e+06
6.252700042724609375e+01 1.946593625000000000e+06
6.252719879150390625e+01 1.946930250000000000e+06
6.252740097045898438e+01 1.947294324999999953e+06
6.252759933471679688e+01 1.948140074999999953e+06
6.252780151367187500e+01 1.949246100000000093e+06
6.252799987792968750e+01 1.950641850000000093e+06
6.252819824218750000e+01 1.951675324999999953e+06
6.252840042114257812e+01 1.950832175000000047e+06
6.252859878540039062e+01 1.949281524999999907e+06
6.252880096435546875e+01 1.947677074999999953e+06
6.252899932861328125e+01 1.946432875000000000e+06
6.252920150756835938e+01 1.945008024999999907e+06
6.252939987182617188e+01 1.944885274999999907e+06
6.252959823608398438e+01 1.945853925000000047e+06
6.252980041503906250e+01 1.945098975000000093e+06
6.252999877929687500e+01 1.944127074999999953e+06
6.253020095825195312e+01 1.942603225000000093e+06
6.253039932250976562e+01 1.941149800000000047e+06
6.253060150146484375e+01 1.938653375000000000e+06
6.253079986572265625e+01 1.936499449999999953e+06
6.253099822998046875e+01 1.934117550000000047e+06
6.253120040893554688e+01 1.930958725000000093e+06
6.253139877319335938e+01 1.927746975000000093e+06
6.253160095214843750e+01 1.924979100000000093e+06
6.253179931640625000e+01 1.921768225000000093e+06
6.253200149536132812e+01 1.917847399999999907e+06
6.253219985961914062e+01 1.914238774999999907e+06
6.253239822387695312e+01 1.910051500000000000e+06
6.253260040283203125e+01 1.905041500000000000e+06
6.253279876708984375e+01 1.900404850000000093e+06
6.253300094604492188e+01 1.895812899999999907e+06
6.253319931030273438e+01 1.891997399999999907e+06
6.253340148925781250e+01 1.889677600000000093e+06
6.253359985351562500e+01 1.887630125000000000e+06
6.253379821777343750e+01 1.887218625000000000e+06
6.253400039672851562e+01 1.888688050000000047e+06
6.253419876098632812e+01 1.898041149999999907e+06
6.253440093994140625e+01 1.923890350000000093e+06
6.253459930419921875e+01 1.958795324999999953e+06
6.253480148315429688e+01 1.981137875000000000e+06
6.253499984741210938e+01 1.991785475000000093e+06
6.253519821166992188e+01 1.984612500000000000e+06
6.253540039062500000e+01 1.950190975000000093e+06
6.253559875488281250e+01 1.896503350000000093e+06
6.253580093383789062e+01 1.844893000000000000e+06
6.253599929809570312e+01 1.793348600000000093e+06
6.253620147705078125e+01 1.742185074999999953e+06
6.253639984130859375e+01 1.691006324999999953e+06
6.253659820556640625e+01 1.640472175000000047e+06
6.253680038452148438e+01 1.590365225000000093e+06
6.253699874877929688e+01 1.541712175000000047e+06
6.253720092773437500e+01 1.493870375000000000e+06
6.253739929199218750e+01 1.448522524999999907e+06
6.253760147094726562e+01 1.405896649999999907e+06
6.253779983520507812e+01 1.366903225000000093e+06
6.253799819946289062e+01 1.331498000000000000e+06
6.253820037841796875e+01 1.300765899999999907e+06
6.253839874267578125e+01 1.273543500000000000e+06
6.253860092163085938e+01 1.249352024999999907e+06
6.253879928588867188e+01 1.228583475000000093e+06
6.253900146484375000e+01 1.211647824999999953e+06
6.253919982910156250e+01 1.198598899999999907e+06
6.253939819335937500e+01 1.188149925000000047e+06
6.253960037231445312e+01 1.181041925000000047e+06
6.253979873657226562e+01 1.176082649999999907e+06
6.254000091552734375e+01 1.171128050000000047e+06
6.254019927978515625e+01 1.166184274999999907e+06
6.254040145874023438e+01 1.161639250000000000e+06
6.254059982299804688e+01 1.155871574999999953e+06
6.254079818725585938e+01 1.148322449999999953e+06
6.254100036621093750e+01 1.140205425000000047e+06
6.254119873046875000e+01 1.129811975000000093e+06
6.254140090942382812e+01 1.118110850000000093e+06
6.254159927368164062e+01 1.104878725000000093e+06
6.254180145263671875e+01 1.089010324999999953e+06
6.254199981689453125e+01 1.070984737500000047e+06
6.254219818115234375e+01 1.052122362500000047e+06
6.254240036010742188e+01 1.032715637499999953e+06
6.254259872436523438e+01 1.011588012499999953e+06
6.254280090332031250e+01 9.896665875000000233e+05
6.254299926757812500e+01 9.674946250000000000e+05
6.254320144653320312e+01 9.446386500000000233e+05
6.254339981079101562e+01 9.210348499999999767e+05
6.254359817504882812e+01 8.947319499999999534e+05
6.254380035400390625e+01 8.686330999999999767e+05
6.254399871826171875e+01 8.388267500000000000e+05
6.254420089721679688e+01 8.013244250000000466e+05
6.254439926147460938e+01 7.583815999999999767e+05
6.254460144042968750e+01 7.130273000000000466e+05
6.254479980468750000e+01 6.587860625000000000e+05
6.254499816894531250e+01 6.032290875000000233e+05
6.254520034790039062e+01 5.514776187500000233e+05
6.254539871215820312e+01 5.025423250000000116e+05
6.254560089111328125e+01 4.581010125000000116e+05
6.254579925537109375e+01 4.230124187500000116e+05
6.254600143432617188e+01 3.938473125000000000e+05
6.254619979858398438e+01 3.701838437500000000e+05
6.254639816284179688e+01 3.498188250000000116e+05
6.254660034179687500e+01 3.332941312499999767e+05
6.254679870605468750e+01 3.192712750000000233e+05
6.254700088500976562e+01 3.067810812499999884e+05
6.254719924926757812e+01 2.950128062500000233e+05
6.254740142822265625e+01 2.849900437500000116e+05
6.254759979248046875e+01 2.758269500000000116e+05
6.254779815673828125e+01 2.678042531249999884e+05
6.254800033569335938e+01 2.608948875000000116e+05
6.254819869995117188e+01 2.550509937499999942e+05
6.254840087890625000e+01 2.471327374999999884e+05
6.254859924316406250e+01 2.398739937499999942e+05
6.254880142211914062e+01 2.326363125000000000e+05
6.254899978637695312e+01 2.253336062500000116e+05
6.254919815063476562e+01 2.185483875000000116e+05
6.254940032958984375e+01 2.135273812500000058e+05
6.254959869384765625e+01 2.079406375000000116e+05
6.254980087280273438e+01 2.026548156249999884e+05
6.254999923706054688e+01 1.977901218750000116e+05
6.255020141601562500e+01 1.921377843749999884e+05
6.255039978027343750e+01 1.868109624999999942e+05
6.255059814453125000e+01 1.823414656250000116e+05
6.255080032348632812e+01 1.771200031249999884e+05
6.255099868774414062e+01 1.718083875000000116e+05
6.255120086669921875e+01 1.672618593750000000e+05
6.255139923095703125e+01 1.624526375000000116e+05
6.255160140991210938e+01 1.570468281250000000e+05
6.255179977416992188e+01 1.526239187500000116e+05
6.255199813842773438e+01 1.481119624999999942e+05
6.255220031738281250e+01 1.431113968750000058e+05
6.255239868164062500e+01 1.384178468749999884e+05
6.255260086059570312e+01 1.339105093749999942e+05
6.255279922485351562e+01 1.293438843749999942e+05
6.255300140380859375e+01 1.249661203125000029e+05
6.255319976806640625e+01 1.212571796875000000e+05
6.255339813232421875e+01 1.183903578125000058e+05
6.255360031127929688e+01 1.152522437499999942e+05
6.255379867553710938e+01 1.125758562499999971e+05
6.255400085449218750e+01 1.102290953124999942e+05
6.255419921875000000e+01 1.080150859375000000e+05
6.255440139770507812e+01 1.055649906250000058e+05
6.255459976196289062e+01 1.041377046874999942e+05
6.255479812622070312e+01 1.027288046875000000e+05
6.255500030517578125e+01 1.014480249999999942e+05
6.255519866943359375e+01 1.002683546875000029e+05
6.255540084838867188e+01 9.922127031249999709e+04
6.255559921264648438e+01 9.808570625000000291e+04
6.255580139160156250e+01 9.681272968750000291e+04
6.255599975585937500e+01 9.529500937499999418e+04
6.255619812011718750e+01 9.416874531250000291e+04
6.255640029907226562e+01 9.312339843750000000e+04
6.255659866333007812e+01 9.212163749999999709e+04
6.255680084228515625e+01 9.114331250000000000e+04
6.255699920654296875e+01 9.014599374999999418e+04
6.255720138549804688e+01 8.865762187499999709e+04
6.255739974975585938e+01 8.782384218750000582e+04
6.255759811401367188e+01 8.634881093750000582e+04
6.255780029296875000e+01 8.532559531249999418e+04
6.255799865722656250e+01 8.462503125000000000e+04
6.255820083618164062e+01 8.411250312500000291e+04
6.255839920043945312e+01 8.265129687500000000e+04
6.255860137939453125e+01 8.098922812499999418e+04
6.255879974365234375e+01 7.897822968750000291e+04
6.255899810791015625e+01 7.688555781250000291e+04
6.255920028686523438e+01 7.446807187499999418e+04
6.255939865112304688e+01 7.282587031250000291e+04
6.255960083007812500e+01 7.105813437499999418e+04
6.255979919433593750e+01 6.915776875000000291e+04
6.256000137329101562e+01 6.687744687499999418e+04
6.256019973754882812e+01 6.481379062500000146e+04
6.256039810180664062e+01 6.201356484374999854e+04
6.256060028076171875e+01 5.949737109375000000e+04
6.256079864501953125e+01 5.706049765625000146e+04
6.256100082397460938e+01 5.409358984375000000e+04
6.256119918823242188e+01 5.093242343750000146e+04
6.256140136718750000e+01 4.834067734375000146e+04
6.256159973144531250e+01 4.563685234374999709e+04
6.256179809570312500e+01 4.274435078125000291e+04
6.256200027465820312e+01 4.042126640624999709e+04
6.256219863891601562e+01 3.828934062499999709e+04
6.256240081787109375e+01 3.570518437499999709e+04
6.256259918212890625e+01 3.320960781249999854e+04
6.256280136108398438e+01 3.096554218749999927e+04
6.256299972534179688e+01 2.899704101562500000e+04
6.256320190429687500e+01 2.708273710937500073e+04
6.256340026855468750e+01 2.546919726562500000e+04
6.256359863281250000e+01 2.402204296875000000e+04
6.256380081176757812e+01 2.263541523437499927e+04
6.256399917602539062e+01 2.127070624999999927e+04
6.256420135498046875e+01 2.015999296875000073e+04
6.256439971923828125e+01 1.929150468750000073e+04
6.256460189819335938e+01 1.851136640624999927e+04
6.256480026245117188e+01 1.829380703124999854e+04
6.256499862670898438e+01 1.811337773437500073e+04
6.256520080566406250e+01 1.802936328125000000e+04
6.256539916992187500e+01 1.787518671874999927e+04
6.256560134887695312e+01 1.840208828124999854e+04
6.256579971313476562e+01 1.897154375000000073e+04
6.256600189208984375e+01 1.948184062500000073e+04
6.256620025634765625e+01 1.972526601562499854e+04
6.256639862060546875e+01 2.029996445312500146e+04
6.256660079956054688e+01 2.104438789062499927e+04
6.256679916381835938e+01 2.143122617187500146e+04
6.256700134277343750e+01 2.205318125000000146e+04
6.256719970703125000e+01 2.312091875000000073e+04
6.256740188598632812e+01 2.405639531250000073e+04
6.256760025024414062e+01 2.490547968749999927e+04
6.256779861450195312e+01 2.618562812499999927e+04
6.256800079345703125e+01 2.797804804687499927e+04
6.256819915771484375e+01 2.942876015624999854e+04
6.256840133666992188e+01 2.857398125000000073e+04
6.256859970092773438e+01 2.790969921875000000e+04
6.256880187988281250e+01 2.641774062499999854e+04
6.256900024414062500e+01 2.413831835937500000e+04
6.256919860839843750e+01 2.209285898437500146e+04
6.256940078735351562e+01 2.131086679687500146e+04
6.256959915161132812e+01 2.018366953125000146e+04
6.256980133056640625e+01 1.943621679687500000e+04
6.256999969482421875e+01 1.899513789062499927e+04
